 Fermi (or HOMO) energy (hartree) =   0.48620   Average Vxc (hartree)=  -0.47772
 Eigenvalues (hartree) for nkpt= 112  k points:
 kpt#   1, nband= 40, wtk=  0.00463, kpt=  0.0000  0.0000  0.0000 (reduced coord)
  -1.97108   -1.97108   -1.96413   -1.96413   -0.97944   -0.97944   -0.96139   -0.96139
  -0.66680   -0.66680   -0.66679   -0.66679   -0.63242   -0.63242   -0.63242   -0.63242
   0.20191    0.20191    0.35388    0.35388    0.35388    0.35388    0.51161    0.51161
   0.51162    0.51162    0.52705    0.52705    0.63723    0.63723    0.63723    0.63723
   0.73005    0.73005    0.73005    0.73005    0.74179    0.74179    0.75264    0.75265
 kpt#   2, nband= 40, wtk=  0.00926, kpt=  0.1667  0.0000  0.0000 (reduced coord)
  -1.97056   -1.97056   -1.96454   -1.96454   -0.97853   -0.97853   -0.96292   -0.96292
  -0.66610   -0.66610   -0.66444   -0.66444   -0.63651   -0.63651   -0.63465   -0.63465
   0.22379    0.22379    0.36581    0.36581    0.36911    0.36911    0.50872    0.50872
   0.51493    0.51493    0.53144    0.53144    0.60265    0.60265    0.64085    0.64085
   0.64938    0.64938    0.66854    0.66854    0.71654    0.71654    0.73950    0.73950
 kpt#   3, nband= 40, wtk=  0.00926, kpt=  0.3333  0.0000  0.0000 (reduced coord)
  -1.96916   -1.96916   -1.96569   -1.96569   -0.97586   -0.97586   -0.96685   -0.96685
  -0.66306   -0.66306   -0.65803   -0.65803   -0.64618   -0.64618   -0.64081   -0.64081
   0.28196    0.28196    0.38857    0.38857    0.40095    0.40095    0.50888    0.50888
   0.51646    0.51646    0.53170    0.53170    0.56174    0.56174    0.56948    0.56948
   0.59214    0.59214    0.66421    0.66421    0.67266    0.67266    0.67443    0.67443
 kpt#   4, nband= 40, wtk=  0.00463, kpt=  0.5000  0.0000  0.0000 (reduced coord)
  -1.96740   -1.96740   -1.96733   -1.96733   -0.97170   -0.97170   -0.97164   -0.97164
  -0.65627   -0.65627   -0.65621   -0.65621   -0.64939   -0.64939   -0.64934   -0.64934
   0.35298    0.35298    0.35298    0.35298    0.45679    0.45679    0.45680    0.45680
   0.52661    0.52661    0.52665    0.52665    0.54325    0.54325    0.54329    0.54329
   0.60731    0.60731    0.60734    0.60734    0.67317    0.67317    0.67322    0.67322
 kpt#   5, nband= 40, wtk=  0.00926, kpt=  0.0000  0.1667  0.0000 (reduced coord)
  -1.97056   -1.97056   -1.96454   -1.96454   -0.97853   -0.97853   -0.96292   -0.96292
  -0.66610   -0.66610   -0.66444   -0.66444   -0.63651   -0.63651   -0.63465   -0.63465
   0.22379    0.22379    0.36581    0.36581    0.36911    0.36911    0.50872    0.50872
   0.51493    0.51493    0.53144    0.53144    0.60265    0.60265    0.64085    0.64085
   0.64938    0.64938    0.66854    0.66854    0.71654    0.71654    0.73950    0.73950
 kpt#   6, nband= 40, wtk=  0.00926, kpt=  0.1667  0.1667  0.0000 (reduced coord)
  -1.97009   -1.97009   -1.96488   -1.96488   -0.97781   -0.97781   -0.96429   -0.96429
  -0.66751   -0.66751   -0.66041   -0.66041   -0.64226   -0.64226   -0.63434   -0.63434
   0.24348    0.24348    0.37547    0.37547    0.38492    0.38492    0.49110    0.49110
   0.50230    0.50230    0.56094    0.56094    0.58494    0.58494    0.60894    0.60894
   0.61211    0.61211    0.63914    0.63914    0.74539    0.74539    0.78766    0.78766
 kpt#   7, nband= 40, wtk=  0.00926, kpt=  0.3333  0.1667  0.0000 (reduced coord)
  -1.96887   -1.96887   -1.96585   -1.96585   -0.97560   -0.97560   -0.96781   -0.96781
  -0.66632   -0.66632   -0.65345   -0.65345   -0.65197   -0.65197   -0.63829   -0.63829
   0.29425    0.29425    0.38700    0.38700    0.41779    0.41779    0.47979    0.47979
   0.48542    0.48542    0.52943    0.52943    0.56090    0.56090    0.58045    0.58045
   0.60761    0.60761    0.66574    0.66574    0.71040    0.71040    0.72695    0.72695
 kpt#   8, nband= 40, wtk=  0.00926, kpt=  0.5000  0.1667  0.0000 (reduced coord)
  -1.96733   -1.96733   -1.96727   -1.96727   -0.97206   -0.97206   -0.97200   -0.97200
  -0.66098   -0.66098   -0.66096   -0.66096   -0.64540   -0.64540   -0.64538   -0.64538
   0.35367    0.35367    0.35368    0.35368    0.45522    0.45522    0.45523    0.45523
   0.49224    0.49224    0.49225    0.49225    0.56612    0.56612    0.56614    0.56614
   0.65988    0.65988    0.65988    0.65988    0.68109    0.68109    0.68113    0.68113
 kpt#   9, nband= 40, wtk=  0.00926, kpt= -0.3333  0.1667  0.0000 (reduced coord)
  -1.96887   -1.96887   -1.96585   -1.96585   -0.97560   -0.97560   -0.96781   -0.96781
  -0.66632   -0.66632   -0.65346   -0.65346   -0.65197   -0.65197   -0.63828   -0.63828
   0.29425    0.29425    0.38700    0.38700    0.41779    0.41779    0.47979    0.47979
   0.48542    0.48542    0.52943    0.52943    0.56089    0.56089    0.58045    0.58045
   0.60760    0.60760    0.66574    0.66574    0.71041    0.71041    0.72696    0.72696
 kpt#  10, nband= 40, wtk=  0.00926, kpt= -0.1667  0.1667  0.0000 (reduced coord)
  -1.97009   -1.97009   -1.96488   -1.96488   -0.97781   -0.97781   -0.96429   -0.96429
  -0.66751   -0.66751   -0.66041   -0.66041   -0.64226   -0.64226   -0.63434   -0.63434
   0.24348    0.24348    0.37547    0.37547    0.38492    0.38492    0.49110    0.49110
   0.50229    0.50229    0.56094    0.56094    0.58494    0.58494    0.60894    0.60894
   0.61211    0.61211    0.63914    0.63914    0.74539    0.74539    0.78766    0.78766
 kpt#  11, nband= 40, wtk=  0.00926, kpt=  0.0000  0.3333  0.0000 (reduced coord)
  -1.96916   -1.96916   -1.96569   -1.96569   -0.97586   -0.97586   -0.96685   -0.96685
  -0.66306   -0.66306   -0.65803   -0.65803   -0.64618   -0.64618   -0.64081   -0.64081
   0.28196    0.28196    0.38857    0.38857    0.40095    0.40095    0.50888    0.50888
   0.51646    0.51646    0.53170    0.53170    0.56173    0.56173    0.56948    0.56948
   0.59214    0.59214    0.66421    0.66421    0.67266    0.67266    0.67443    0.67443
 kpt#  12, nband= 40, wtk=  0.00926, kpt=  0.1667  0.3333  0.0000 (reduced coord)
  -1.96887   -1.96887   -1.96585   -1.96585   -0.97560   -0.97560   -0.96781   -0.96781
  -0.66632   -0.66632   -0.65345   -0.65345   -0.65197   -0.65197   -0.63829   -0.63829
   0.29425    0.29425    0.38700    0.38700    0.41779    0.41779    0.47979    0.47979
   0.48542    0.48542    0.52943    0.52943    0.56090    0.56090    0.58045    0.58045
   0.60761    0.60761    0.66574    0.66574    0.71040    0.71041    0.72695    0.72695
 kpt#  13, nband= 40, wtk=  0.00926, kpt=  0.3333  0.3333  0.0000 (reduced coord)
  -1.96810   -1.96810   -1.96636   -1.96636   -0.97466   -0.97466   -0.97016   -0.97016
  -0.66850   -0.66850   -0.66038   -0.66038   -0.64693   -0.64693   -0.63802   -0.63802
   0.31828    0.31828    0.36612    0.36612    0.45171    0.45171    0.46669    0.46669
   0.47809    0.47809    0.48764    0.48764    0.56433    0.56433    0.62555    0.62555
   0.65237    0.65237    0.67753    0.67753    0.73704    0.73704    0.76392    0.76392
 kpt#  14, nband= 40, wtk=  0.00926, kpt=  0.5000  0.3333  0.0000 (reduced coord)
  -1.96720   -1.96720   -1.96713   -1.96713   -0.97279   -0.97279   -0.97273   -0.97273
  -0.66657   -0.66657   -0.66655   -0.66655   -0.64128   -0.64128   -0.64127   -0.64127
   0.34070    0.34070    0.34071    0.34071    0.45007    0.45007    0.45009    0.45009
   0.49831    0.49831    0.49831    0.49831    0.61018    0.61019    0.61019    0.61019
   0.67989    0.67989    0.67993    0.67993    0.73806    0.73806    0.73806    0.73806
 kpt#  15, nband= 40, wtk=  0.00926, kpt= -0.3333  0.3333  0.0000 (reduced coord)
  -1.96810   -1.96810   -1.96636   -1.96636   -0.97466   -0.97466   -0.97016   -0.97016
  -0.66850   -0.66850   -0.66038   -0.66038   -0.64693   -0.64693   -0.63802   -0.63802
   0.31828    0.31828    0.36612    0.36612    0.45172    0.45172    0.46669    0.46669
   0.47809    0.47809    0.48764    0.48764    0.56433    0.56433    0.62555    0.62555
   0.65237    0.65237    0.67753    0.67753    0.73705    0.73705    0.76393    0.76393
 kpt#  16, nband= 40, wtk=  0.00926, kpt= -0.1667  0.3333  0.0000 (reduced coord)
  -1.96887   -1.96887   -1.96585   -1.96585   -0.97560   -0.97560   -0.96781   -0.96781
  -0.66632   -0.66632   -0.65346   -0.65346   -0.65197   -0.65197   -0.63828   -0.63828
   0.29425    0.29425    0.38700    0.38700    0.41779    0.41779    0.47979    0.47980
   0.48542    0.48542    0.52943    0.52943    0.56089    0.56089    0.58045    0.58045
   0.60760    0.60760    0.66574    0.66574    0.71041    0.71041    0.72696    0.72696
 kpt#  17, nband= 40, wtk=  0.00463, kpt=  0.0000  0.5000  0.0000 (reduced coord)
  -1.96740   -1.96740   -1.96733   -1.96733   -0.97170   -0.97170   -0.97164   -0.97164
  -0.65627   -0.65627   -0.65621   -0.65621   -0.64939   -0.64939   -0.64933   -0.64933
   0.35297    0.35297    0.35299    0.35299    0.45678    0.45678    0.45681    0.45681
   0.52662    0.52662    0.52664    0.52664    0.54326    0.54326    0.54328    0.54328
   0.60730    0.60730    0.60734    0.60734    0.67318    0.67318    0.67321    0.67321
 kpt#  18, nband= 40, wtk=  0.00926, kpt=  0.1667  0.5000  0.0000 (reduced coord)
  -1.96733   -1.96733   -1.96727   -1.96727   -0.97206   -0.97206   -0.97200   -0.97200
  -0.66098   -0.66098   -0.66096   -0.66096   -0.64541   -0.64541   -0.64538   -0.64538
   0.35367    0.35367    0.35368    0.35368    0.45521    0.45521    0.45524    0.45524
   0.49224    0.49224    0.49225    0.49225    0.56612    0.56612    0.56614    0.56614
   0.65987    0.65987    0.65989    0.65989    0.68110    0.68110    0.68113    0.68113
 kpt#  19, nband= 40, wtk=  0.00926, kpt=  0.3333  0.5000  0.0000 (reduced coord)
  -1.96720   -1.96720   -1.96713   -1.96713   -0.97279   -0.97279   -0.97273   -0.97273
  -0.66657   -0.66657   -0.66655   -0.66655   -0.64129   -0.64129   -0.64127   -0.64127
   0.34070    0.34070    0.34071    0.34071    0.45007    0.45007    0.45008    0.45008
   0.49830    0.49830    0.49832    0.49832    0.61018    0.61018    0.61019    0.61019
   0.67990    0.67990    0.67993    0.67993    0.73805    0.73805    0.73807    0.73807
 kpt#  20, nband= 40, wtk=  0.00463, kpt=  0.5000  0.5000  0.0000 (reduced coord)
  -1.96713   -1.96713   -1.96706   -1.96706   -0.97316   -0.97316   -0.97310   -0.97310
  -0.66878   -0.66878   -0.66876   -0.66876   -0.63979   -0.63979   -0.63978   -0.63978
   0.33198    0.33198    0.33199    0.33199    0.43498    0.43498    0.43499    0.43499
   0.54159    0.54159    0.54161    0.54161    0.63059    0.63059    0.63061    0.63061
   0.66845    0.66845    0.66850    0.66850    0.77280    0.77280    0.77281    0.77281
 kpt#  21, nband= 40, wtk=  0.00926, kpt=  0.0000  0.0000  0.1667 (reduced coord)
  -1.97056   -1.97056   -1.96454   -1.96454   -0.97853   -0.97853   -0.96292   -0.96292
  -0.66610   -0.66610   -0.66444   -0.66444   -0.63651   -0.63651   -0.63465   -0.63465
   0.22379    0.22379    0.36581    0.36581    0.36911    0.36911    0.50872    0.50872
   0.51493    0.51493    0.53144    0.53144    0.60265    0.60265    0.64085    0.64085
   0.64938    0.64938    0.66854    0.66854    0.71654    0.71654    0.73950    0.73950
 kpt#  22, nband= 40, wtk=  0.00926, kpt=  0.1667  0.0000  0.1667 (reduced coord)
  -1.97009   -1.97009   -1.96488   -1.96488   -0.97781   -0.97781   -0.96429   -0.96429
  -0.66751   -0.66751   -0.66041   -0.66041   -0.64226   -0.64226   -0.63434   -0.63434
   0.24348    0.24348    0.37547    0.37547    0.38492    0.38492    0.49110    0.49110
   0.50229    0.50229    0.56094    0.56094    0.58494    0.58494    0.60894    0.60894
   0.61211    0.61211    0.63914    0.63914    0.74539    0.74539    0.78766    0.78766
 kpt#  23, nband= 40, wtk=  0.00926, kpt=  0.3333  0.0000  0.1667 (reduced coord)
  -1.96887   -1.96887   -1.96585   -1.96585   -0.97560   -0.97560   -0.96781   -0.96781
  -0.66632   -0.66632   -0.65346   -0.65346   -0.65197   -0.65197   -0.63828   -0.63828
   0.29425    0.29425    0.38700    0.38700    0.41779    0.41779    0.47979    0.47979
   0.48542    0.48542    0.52943    0.52943    0.56089    0.56089    0.58045    0.58045
   0.60760    0.60760    0.66574    0.66574    0.71041    0.71041    0.72696    0.72696
 kpt#  24, nband= 40, wtk=  0.00926, kpt=  0.5000  0.0000  0.1667 (reduced coord)
  -1.96733   -1.96733   -1.96727   -1.96727   -0.97206   -0.97206   -0.97200   -0.97200
  -0.66098   -0.66098   -0.66096   -0.66096   -0.64540   -0.64540   -0.64539   -0.64538
   0.35367    0.35367    0.35368    0.35368    0.45522    0.45522    0.45523    0.45523
   0.49224    0.49224    0.49225    0.49225    0.56612    0.56612    0.56614    0.56614
   0.65988    0.65988    0.65988    0.65988    0.68109    0.68109    0.68113    0.68113
 kpt#  25, nband= 40, wtk=  0.00926, kpt= -0.3333  0.0000  0.1667 (reduced coord)
  -1.96887   -1.96887   -1.96585   -1.96585   -0.97560   -0.97560   -0.96781   -0.96781
  -0.66632   -0.66632   -0.65345   -0.65345   -0.65197   -0.65197   -0.63829   -0.63829
   0.29425    0.29425    0.38700    0.38700    0.41779    0.41779    0.47979    0.47979
   0.48542    0.48542    0.52943    0.52943    0.56090    0.56090    0.58045    0.58045
   0.60761    0.60761    0.66574    0.66574    0.71041    0.71041    0.72695    0.72695
 kpt#  26, nband= 40, wtk=  0.00926, kpt= -0.1667  0.0000  0.1667 (reduced coord)
  -1.97009   -1.97009   -1.96488   -1.96488   -0.97781   -0.97781   -0.96429   -0.96429
  -0.66751   -0.66751   -0.66041   -0.66041   -0.64226   -0.64226   -0.63434   -0.63434
   0.24348    0.24348    0.37547    0.37547    0.38492    0.38492    0.49110    0.49110
   0.50230    0.50230    0.56094    0.56094    0.58494    0.58494    0.60894    0.60894
   0.61211    0.61211    0.63914    0.63914    0.74539    0.74539    0.78766    0.78766
 kpt#  27, nband= 40, wtk=  0.00926, kpt=  0.0000  0.1667  0.1667 (reduced coord)
  -1.97009   -1.97009   -1.96488   -1.96488   -0.97781   -0.97781   -0.96429   -0.96429
  -0.66751   -0.66751   -0.66041   -0.66041   -0.64226   -0.64226   -0.63434   -0.63434
   0.24348    0.24348    0.37547    0.37547    0.38492    0.38492    0.49110    0.49110
   0.50229    0.50229    0.56094    0.56094    0.58494    0.58494    0.60894    0.60894
   0.61211    0.61211    0.63914    0.63914    0.74539    0.74539    0.78766    0.78766
 kpt#  28, nband= 40, wtk=  0.00926, kpt=  0.1667  0.1667  0.1667 (reduced coord)
  -1.96968   -1.96968   -1.96516   -1.96516   -0.97722   -0.97722   -0.96552   -0.96552
  -0.66819   -0.66819   -0.65757   -0.65757   -0.64636   -0.64636   -0.63503   -0.63503
   0.26242    0.26242    0.39082    0.39082    0.39524    0.39524    0.48185    0.48185
   0.48225    0.48225    0.51606    0.51606    0.59342    0.59342    0.62265    0.62265
   0.63356    0.63356    0.66370    0.66371    0.67551    0.67551    0.84218    0.84219
 kpt#  29, nband= 40, wtk=  0.00926, kpt=  0.3333  0.1667  0.1667 (reduced coord)
  -1.96860   -1.96860   -1.96599   -1.96599   -0.97539   -0.97539   -0.96865   -0.96865
  -0.66739   -0.66739   -0.65487   -0.65487   -0.65150   -0.65150   -0.63849   -0.63849
   0.30973    0.30973    0.40402    0.40402    0.41588    0.41588    0.46319    0.46319
   0.47101    0.47101    0.48224    0.48224    0.59940    0.59940    0.60648    0.60648
   0.64649    0.64649    0.66382    0.66382    0.66659    0.66659    0.80217    0.80217
 kpt#  30, nband= 40, wtk=  0.00926, kpt=  0.5000  0.1667  0.1667 (reduced coord)
  -1.96726   -1.96726   -1.96720   -1.96720   -0.97238   -0.97238   -0.97232   -0.97232
  -0.66286   -0.66286   -0.66284   -0.66284   -0.64453   -0.64453   -0.64452   -0.64452
   0.36291    0.36291    0.36291    0.36292    0.44162    0.44162    0.44162    0.44162
   0.48406    0.48406    0.48407    0.48407    0.58388    0.58388    0.58390    0.58390
   0.66083    0.66083    0.66087    0.66087    0.72195    0.72195    0.72197    0.72197
 kpt#  31, nband= 40, wtk=  0.00926, kpt= -0.3333  0.1667  0.1667 (reduced coord)
  -1.96860   -1.96860   -1.96599   -1.96599   -0.97539   -0.97539   -0.96865   -0.96865
  -0.66739   -0.66739   -0.65487   -0.65487   -0.65150   -0.65150   -0.63849   -0.63849
   0.30973    0.30973    0.40402    0.40402    0.41588    0.41588    0.46319    0.46319
   0.47101    0.47101    0.48224    0.48224    0.59940    0.59940    0.60648    0.60648
   0.64649    0.64649    0.66382    0.66382    0.66659    0.66659    0.80217    0.80220
 kpt#  32, nband= 40, wtk=  0.00926, kpt= -0.1667  0.1667  0.1667 (reduced coord)
  -1.96968   -1.96968   -1.96516   -1.96516   -0.97722   -0.97722   -0.96552   -0.96552
  -0.66818   -0.66818   -0.65757   -0.65757   -0.64636   -0.64636   -0.63503   -0.63503
   0.26242    0.26242    0.39082    0.39082    0.39524    0.39524    0.48185    0.48185
   0.48225    0.48225    0.51606    0.51606    0.59342    0.59342    0.62265    0.62265
   0.63356    0.63356    0.66371    0.66371    0.67551    0.67551    0.84218    0.84219
 kpt#  33, nband= 40, wtk=  0.00926, kpt=  0.0000  0.3333  0.1667 (reduced coord)
  -1.96887   -1.96887   -1.96585   -1.96585   -0.97560   -0.97560   -0.96781   -0.96781
  -0.66632   -0.66632   -0.65346   -0.65346   -0.65197   -0.65197   -0.63828   -0.63828
   0.29425    0.29425    0.38700    0.38700    0.41779    0.41779    0.47980    0.47980
   0.48542    0.48542    0.52943    0.52943    0.56089    0.56089    0.58045    0.58045
   0.60760    0.60760    0.66574    0.66574    0.71041    0.71041    0.72696    0.72696
 kpt#  34, nband= 40, wtk=  0.00926, kpt=  0.1667  0.3333  0.1667 (reduced coord)
  -1.96860   -1.96860   -1.96599   -1.96599   -0.97539   -0.97539   -0.96865   -0.96865
  -0.66739   -0.66739   -0.65487   -0.65487   -0.65150   -0.65150   -0.63849   -0.63849
   0.30973    0.30973    0.40402    0.40402    0.41588    0.41588    0.46319    0.46319
   0.47101    0.47101    0.48224    0.48224    0.59940    0.59940    0.60648    0.60648
   0.64649    0.64649    0.66382    0.66382    0.66659    0.66659    0.80217    0.80217
 kpt#  35, nband= 40, wtk=  0.00926, kpt=  0.3333  0.3333  0.1667 (reduced coord)
  -1.96792   -1.96792   -1.96641   -1.96641   -0.97460   -0.97460   -0.97072   -0.97072
  -0.66823   -0.66823   -0.66095   -0.66095   -0.64742   -0.64742   -0.64000   -0.64000
   0.33957    0.33957    0.38477    0.38477    0.44512    0.44512    0.45032    0.45032
   0.46422    0.46422    0.46577    0.46577    0.60409    0.60409    0.63156    0.63156
   0.65666    0.65666    0.68515    0.68515    0.71791    0.71791    0.83498    0.83883
 kpt#  36, nband= 40, wtk=  0.00926, kpt=  0.5000  0.3333  0.1667 (reduced coord)
  -1.96713   -1.96713   -1.96707   -1.96707   -0.97301   -0.97301   -0.97295   -0.97295
  -0.66617   -0.66617   -0.66616   -0.66616   -0.64320   -0.64320   -0.64320   -0.64320
   0.36067    0.36067    0.36068    0.36068    0.44090    0.44090    0.44091    0.44091
   0.48556    0.48556    0.48557    0.48557    0.62251    0.62251    0.62252    0.62252
   0.67016    0.67016    0.67020    0.67020    0.78187    0.78187    0.78187    0.78187
 kpt#  37, nband= 40, wtk=  0.00926, kpt= -0.3333  0.3333  0.1667 (reduced coord)
  -1.96792   -1.96792   -1.96641   -1.96641   -0.97460   -0.97460   -0.97072   -0.97072
  -0.66823   -0.66823   -0.66095   -0.66095   -0.64742   -0.64742   -0.64000   -0.64000
   0.33958    0.33958    0.38477    0.38477    0.44512    0.44512    0.45032    0.45032
   0.46422    0.46422    0.46577    0.46577    0.60409    0.60409    0.63156    0.63156
   0.65666    0.65666    0.68516    0.68516    0.71791    0.71791    0.83501    0.83775
 kpt#  38, nband= 40, wtk=  0.00926, kpt= -0.1667  0.3333  0.1667 (reduced coord)
  -1.96860   -1.96860   -1.96599   -1.96599   -0.97539   -0.97539   -0.96865   -0.96865
  -0.66739   -0.66739   -0.65488   -0.65488   -0.65150   -0.65150   -0.63849   -0.63849
   0.30973    0.30973    0.40402    0.40402    0.41588    0.41588    0.46319    0.46319
   0.47101    0.47101    0.48224    0.48224    0.59940    0.59940    0.60648    0.60648
   0.64649    0.64649    0.66382    0.66382    0.66659    0.66659    0.80217    0.80217
 kpt#  39, nband= 40, wtk=  0.00926, kpt=  0.0000  0.5000  0.1667 (reduced coord)
  -1.96733   -1.96733   -1.96727   -1.96727   -0.97206   -0.97206   -0.97200   -0.97200
  -0.66098   -0.66098   -0.66096   -0.66096   -0.64541   -0.64541   -0.64538   -0.64538
   0.35367    0.35367    0.35369    0.35369    0.45522    0.45522    0.45524    0.45524
   0.49224    0.49224    0.49225    0.49225    0.56613    0.56613    0.56613    0.56613
   0.65987    0.65987    0.65989    0.65989    0.68110    0.68110    0.68113    0.68113
 kpt#  40, nband= 40, wtk=  0.00926, kpt=  0.1667  0.5000  0.1667 (reduced coord)
  -1.96726   -1.96726   -1.96720   -1.96720   -0.97238   -0.97238   -0.97232   -0.97232
  -0.66286   -0.66286   -0.66285   -0.66285   -0.64454   -0.64454   -0.64452   -0.64452
   0.36290    0.36291    0.36292    0.36292    0.44161    0.44161    0.44163    0.44163
   0.48406    0.48406    0.48407    0.48407    0.58389    0.58389    0.58389    0.58389
   0.66083    0.66083    0.66086    0.66086    0.72195    0.72195    0.72197    0.72197
 kpt#  41, nband= 40, wtk=  0.00926, kpt=  0.3333  0.5000  0.1667 (reduced coord)
  -1.96713   -1.96713   -1.96707   -1.96707   -0.97301   -0.97301   -0.97295   -0.97295
  -0.66617   -0.66617   -0.66616   -0.66616   -0.64321   -0.64320   -0.64319   -0.64319
   0.36068    0.36068    0.36068    0.36068    0.44090    0.44090    0.44091    0.44091
   0.48555    0.48555    0.48558    0.48558    0.62251    0.62251    0.62252    0.62252
   0.67016    0.67016    0.67020    0.67020    0.78186    0.78186    0.78188    0.78188
 kpt#  42, nband= 40, wtk=  0.00926, kpt=  0.5000  0.5000  0.1667 (reduced coord)
  -1.96706   -1.96706   -1.96700   -1.96700   -0.97333   -0.97333   -0.97327   -0.97327
  -0.66768   -0.66768   -0.66767   -0.66767   -0.64267   -0.64267   -0.64266   -0.64266
   0.35406    0.35406    0.35407    0.35407    0.43177    0.43177    0.43178    0.43178
   0.51811    0.51811    0.51813    0.51813    0.63970    0.63970    0.63972    0.63972
   0.67034    0.67034    0.67038    0.67038    0.80642    0.80643    0.80646    0.80647
 kpt#  43, nband= 40, wtk=  0.00926, kpt= -0.3333  0.5000  0.1667 (reduced coord)
  -1.96713   -1.96713   -1.96707   -1.96707   -0.97301   -0.97301   -0.97295   -0.97295
  -0.66617   -0.66617   -0.66616   -0.66616   -0.64321   -0.64321   -0.64319   -0.64319
   0.36068    0.36068    0.36068    0.36068    0.44090    0.44090    0.44091    0.44091
   0.48555    0.48555    0.48558    0.48558    0.62251    0.62251    0.62252    0.62252
   0.67016    0.67016    0.67020    0.67020    0.78186    0.78186    0.78188    0.78188
 kpt#  44, nband= 40, wtk=  0.00926, kpt= -0.1667  0.5000  0.1667 (reduced coord)
  -1.96726   -1.96726   -1.96720   -1.96720   -0.97238   -0.97238   -0.97232   -0.97232
  -0.66286   -0.66286   -0.66285   -0.66285   -0.64454   -0.64454   -0.64452   -0.64452
   0.36291    0.36291    0.36292    0.36292    0.44161    0.44161    0.44163    0.44163
   0.48406    0.48406    0.48407    0.48407    0.58388    0.58388    0.58389    0.58389
   0.66084    0.66084    0.66086    0.66086    0.72195    0.72195    0.72197    0.72197
 kpt#  45, nband= 40, wtk=  0.00926, kpt=  0.0000 -0.3333  0.1667 (reduced coord)
  -1.96887   -1.96887   -1.96585   -1.96585   -0.97560   -0.97560   -0.96781   -0.96781
  -0.66632   -0.66632   -0.65345   -0.65345   -0.65197   -0.65197   -0.63829   -0.63829
   0.29425    0.29425    0.38700    0.38700    0.41779    0.41779    0.47979    0.47979
   0.48542    0.48542    0.52943    0.52943    0.56090    0.56090    0.58045    0.58045
   0.60761    0.60761    0.66574    0.66574    0.71040    0.71040    0.72695    0.72695
 kpt#  46, nband= 40, wtk=  0.00926, kpt=  0.1667 -0.3333  0.1667 (reduced coord)
  -1.96860   -1.96860   -1.96599   -1.96599   -0.97539   -0.97539   -0.96865   -0.96865
  -0.66739   -0.66739   -0.65487   -0.65487   -0.65150   -0.65150   -0.63849   -0.63849
   0.30973    0.30973    0.40402    0.40402    0.41588    0.41588    0.46319    0.46319
   0.47101    0.47101    0.48224    0.48224    0.59940    0.59940    0.60648    0.60648
   0.64649    0.64649    0.66382    0.66382    0.66659    0.66659    0.80217    0.80217
 kpt#  47, nband= 40, wtk=  0.00926, kpt=  0.3333 -0.3333  0.1667 (reduced coord)
  -1.96792   -1.96792   -1.96641   -1.96641   -0.97460   -0.97460   -0.97072   -0.97072
  -0.66823   -0.66823   -0.66095   -0.66095   -0.64742   -0.64742   -0.64000   -0.64000
   0.33958    0.33958    0.38477    0.38477    0.44512    0.44512    0.45032    0.45032
   0.46422    0.46422    0.46577    0.46577    0.60409    0.60409    0.63156    0.63156
   0.65666    0.65666    0.68516    0.68516    0.71791    0.71791    0.83511    0.83810
 kpt#  48, nband= 40, wtk=  0.00926, kpt=  0.5000 -0.3333  0.1667 (reduced coord)
  -1.96713   -1.96713   -1.96707   -1.96707   -0.97301   -0.97301   -0.97295   -0.97295
  -0.66617   -0.66617   -0.66616   -0.66616   -0.64320   -0.64320   -0.64320   -0.64319
   0.36068    0.36068    0.36068    0.36069    0.44090    0.44090    0.44091    0.44091
   0.48556    0.48556    0.48557    0.48557    0.62251    0.62251    0.62252    0.62252
   0.67016    0.67016    0.67020    0.67020    0.78187    0.78187    0.78187    0.78187
 kpt#  49, nband= 40, wtk=  0.00926, kpt= -0.3333 -0.3333  0.1667 (reduced coord)
  -1.96792   -1.96792   -1.96641   -1.96641   -0.97460   -0.97460   -0.97071   -0.97071
  -0.66823   -0.66823   -0.66095   -0.66095   -0.64742   -0.64742   -0.64001   -0.64001
   0.33957    0.33957    0.38478    0.38478    0.44512    0.44512    0.45032    0.45032
   0.46422    0.46422    0.46577    0.46577    0.60409    0.60409    0.63156    0.63156
   0.65666    0.65666    0.68516    0.68516    0.71791    0.71791    0.83534    0.84370
 kpt#  50, nband= 40, wtk=  0.00926, kpt= -0.1667 -0.3333  0.1667 (reduced coord)
  -1.96860   -1.96860   -1.96599   -1.96599   -0.97539   -0.97539   -0.96865   -0.96865
  -0.66740   -0.66740   -0.65487   -0.65487   -0.65150   -0.65150   -0.63850   -0.63850
   0.30973    0.30973    0.40402    0.40402    0.41588    0.41588    0.46319    0.46319
   0.47101    0.47101    0.48224    0.48224    0.59939    0.59939    0.60648    0.60648
   0.64649    0.64649    0.66382    0.66382    0.66659    0.66659    0.80216    0.80217
 kpt#  51, nband= 40, wtk=  0.00926, kpt=  0.0000 -0.1667  0.1667 (reduced coord)
  -1.97009   -1.97009   -1.96488   -1.96488   -0.97781   -0.97781   -0.96429   -0.96429
  -0.66751   -0.66751   -0.66041   -0.66041   -0.64226   -0.64226   -0.63435   -0.63435
   0.24348    0.24348    0.37547    0.37547    0.38492    0.38492    0.49110    0.49110
   0.50230    0.50230    0.56094    0.56094    0.58494    0.58494    0.60894    0.60894
   0.61211    0.61211    0.63914    0.63914    0.74539    0.74539    0.78766    0.78766
 kpt#  52, nband= 40, wtk=  0.00926, kpt=  0.1667 -0.1667  0.1667 (reduced coord)
  -1.96968   -1.96968   -1.96516   -1.96516   -0.97722   -0.97722   -0.96552   -0.96552
  -0.66819   -0.66819   -0.65757   -0.65757   -0.64636   -0.64636   -0.63503   -0.63503
   0.26242    0.26242    0.39082    0.39082    0.39524    0.39524    0.48185    0.48185
   0.48225    0.48225    0.51606    0.51606    0.59342    0.59342    0.62265    0.62265
   0.63356    0.63356    0.66371    0.66371    0.67551    0.67551    0.84219    0.84219
 kpt#  53, nband= 40, wtk=  0.00926, kpt=  0.3333 -0.1667  0.1667 (reduced coord)
  -1.96860   -1.96860   -1.96599   -1.96599   -0.97539   -0.97539   -0.96865   -0.96865
  -0.66739   -0.66739   -0.65488   -0.65488   -0.65150   -0.65150   -0.63849   -0.63849
   0.30973    0.30973    0.40402    0.40402    0.41588    0.41588    0.46319    0.46319
   0.47101    0.47101    0.48224    0.48224    0.59940    0.59940    0.60647    0.60648
   0.64649    0.64649    0.66382    0.66382    0.66659    0.66659    0.80217    0.80217
 kpt#  54, nband= 40, wtk=  0.00926, kpt=  0.5000 -0.1667  0.1667 (reduced coord)
  -1.96726   -1.96726   -1.96720   -1.96720   -0.97238   -0.97238   -0.97232   -0.97232
  -0.66286   -0.66286   -0.66284   -0.66284   -0.64453   -0.64453   -0.64452   -0.64452
   0.36291    0.36291    0.36292    0.36292    0.44162    0.44162    0.44162    0.44162
   0.48406    0.48406    0.48407    0.48407    0.58388    0.58388    0.58389    0.58389
   0.66083    0.66083    0.66087    0.66087    0.72195    0.72195    0.72197    0.72197
 kpt#  55, nband= 40, wtk=  0.00926, kpt= -0.3333 -0.1667  0.1667 (reduced coord)
  -1.96860   -1.96860   -1.96599   -1.96599   -0.97539   -0.97539   -0.96865   -0.96865
  -0.66740   -0.66740   -0.65487   -0.65487   -0.65150   -0.65150   -0.63850   -0.63850
   0.30973    0.30973    0.40402    0.40402    0.41588    0.41588    0.46319    0.46319
   0.47101    0.47101    0.48224    0.48224    0.59939    0.59939    0.60648    0.60648
   0.64649    0.64649    0.66382    0.66382    0.66659    0.66659    0.80217    0.80217
 kpt#  56, nband= 40, wtk=  0.00926, kpt= -0.1667 -0.1667  0.1667 (reduced coord)
  -1.96968   -1.96968   -1.96516   -1.96516   -0.97722   -0.97722   -0.96552   -0.96552
  -0.66819   -0.66819   -0.65756   -0.65756   -0.64636   -0.64636   -0.63503   -0.63503
   0.26241    0.26241    0.39082    0.39082    0.39524    0.39524    0.48185    0.48185
   0.48225    0.48225    0.51607    0.51607    0.59342    0.59342    0.62265    0.62265
   0.63356    0.63356    0.66370    0.66370    0.67551    0.67551    0.84218    0.84221
 kpt#  57, nband= 40, wtk=  0.00926, kpt=  0.0000  0.0000  0.3333 (reduced coord)
  -1.96916   -1.96916   -1.96569   -1.96569   -0.97586   -0.97586   -0.96685   -0.96685
  -0.66306   -0.66306   -0.65803   -0.65803   -0.64618   -0.64618   -0.64081   -0.64081
   0.28196    0.28196    0.38857    0.38857    0.40095    0.40095    0.50888    0.50888
   0.51646    0.51646    0.53170    0.53170    0.56174    0.56174    0.56948    0.56948
   0.59214    0.59214    0.66421    0.66421    0.67266    0.67266    0.67443    0.67443
 kpt#  58, nband= 40, wtk=  0.00926, kpt=  0.1667  0.0000  0.3333 (reduced coord)
  -1.96887   -1.96887   -1.96585   -1.96585   -0.97560   -0.97560   -0.96781   -0.96781
  -0.66632   -0.66632   -0.65346   -0.65346   -0.65197   -0.65197   -0.63828   -0.63828
   0.29425    0.29425    0.38700    0.38700    0.41779    0.41779    0.47979    0.47979
   0.48542    0.48542    0.52943    0.52943    0.56089    0.56089    0.58045    0.58045
   0.60760    0.60760    0.66574    0.66574    0.71041    0.71041    0.72696    0.72696
 kpt#  59, nband= 40, wtk=  0.00926, kpt=  0.3333  0.0000  0.3333 (reduced coord)
  -1.96810   -1.96810   -1.96636   -1.96636   -0.97466   -0.97466   -0.97016   -0.97016
  -0.66850   -0.66850   -0.66038   -0.66038   -0.64693   -0.64693   -0.63802   -0.63802
   0.31828    0.31828    0.36612    0.36612    0.45172    0.45172    0.46669    0.46669
   0.47809    0.47809    0.48764    0.48764    0.56433    0.56433    0.62555    0.62555
   0.65237    0.65237    0.67753    0.67753    0.73704    0.73704    0.76393    0.76393
 kpt#  60, nband= 40, wtk=  0.00926, kpt=  0.5000  0.0000  0.3333 (reduced coord)
  -1.96720   -1.96720   -1.96713   -1.96713   -0.97279   -0.97279   -0.97273   -0.97273
  -0.66657   -0.66657   -0.66655   -0.66655   -0.64128   -0.64128   -0.64127   -0.64127
   0.34070    0.34070    0.34071    0.34071    0.45007    0.45007    0.45009    0.45009
   0.49831    0.49831    0.49831    0.49831    0.61019    0.61019    0.61019    0.61019
   0.67989    0.67989    0.67993    0.67993    0.73806    0.73806    0.73806    0.73806
 kpt#  61, nband= 40, wtk=  0.00926, kpt= -0.3333  0.0000  0.3333 (reduced coord)
  -1.96810   -1.96810   -1.96636   -1.96636   -0.97466   -0.97466   -0.97016   -0.97016
  -0.66850   -0.66850   -0.66038   -0.66038   -0.64693   -0.64693   -0.63802   -0.63802
   0.31828    0.31828    0.36612    0.36612    0.45171    0.45171    0.46669    0.46669
   0.47809    0.47809    0.48764    0.48764    0.56433    0.56433    0.62555    0.62555
   0.65237    0.65237    0.67753    0.67753    0.73704    0.73704    0.76393    0.76393
 kpt#  62, nband= 40, wtk=  0.00926, kpt= -0.1667  0.0000  0.3333 (reduced coord)
  -1.96887   -1.96887   -1.96585   -1.96585   -0.97560   -0.97560   -0.96781   -0.96781
  -0.66632   -0.66632   -0.65345   -0.65345   -0.65197   -0.65197   -0.63829   -0.63829
   0.29425    0.29425    0.38700    0.38700    0.41779    0.41779    0.47979    0.47979
   0.48542    0.48542    0.52943    0.52943    0.56090    0.56090    0.58045    0.58045
   0.60761    0.60761    0.66574    0.66574    0.71041    0.71041    0.72695    0.72695
 kpt#  63, nband= 40, wtk=  0.00926, kpt=  0.0000  0.1667  0.3333 (reduced coord)
  -1.96887   -1.96887   -1.96585   -1.96585   -0.97560   -0.97560   -0.96781   -0.96781
  -0.66632   -0.66632   -0.65346   -0.65346   -0.65197   -0.65197   -0.63828   -0.63828
   0.29425    0.29425    0.38700    0.38700    0.41779    0.41779    0.47979    0.47980
   0.48542    0.48542    0.52943    0.52943    0.56089    0.56089    0.58045    0.58045
   0.60760    0.60760    0.66574    0.66574    0.71041    0.71041    0.72696    0.72696
 kpt#  64, nband= 40, wtk=  0.00926, kpt=  0.1667  0.1667  0.3333 (reduced coord)
  -1.96860   -1.96860   -1.96599   -1.96599   -0.97539   -0.97539   -0.96865   -0.96865
  -0.66739   -0.66739   -0.65488   -0.65488   -0.65150   -0.65150   -0.63849   -0.63849
   0.30973    0.30973    0.40402    0.40402    0.41588    0.41588    0.46319    0.46319
   0.47101    0.47101    0.48224    0.48224    0.59940    0.59940    0.60648    0.60648
   0.64649    0.64649    0.66382    0.66382    0.66659    0.66659    0.80217    0.80217
 kpt#  65, nband= 40, wtk=  0.00926, kpt=  0.3333  0.1667  0.3333 (reduced coord)
  -1.96792   -1.96792   -1.96641   -1.96641   -0.97460   -0.97460   -0.97072   -0.97072
  -0.66823   -0.66823   -0.66095   -0.66095   -0.64742   -0.64742   -0.64000   -0.64000
   0.33957    0.33957    0.38477    0.38477    0.44512    0.44512    0.45032    0.45032
   0.46422    0.46422    0.46577    0.46577    0.60409    0.60409    0.63156    0.63156
   0.65666    0.65666    0.68516    0.68516    0.71791    0.71791    0.83593    0.84415
 kpt#  66, nband= 40, wtk=  0.00926, kpt=  0.5000  0.1667  0.3333 (reduced coord)
  -1.96713   -1.96713   -1.96707   -1.96707   -0.97301   -0.97301   -0.97295   -0.97295
  -0.66617   -0.66617   -0.66616   -0.66616   -0.64320   -0.64320   -0.64320   -0.64320
   0.36067    0.36067    0.36068    0.36068    0.44090    0.44090    0.44091    0.44091
   0.48556    0.48556    0.48557    0.48557    0.62251    0.62251    0.62252    0.62252
   0.67016    0.67016    0.67020    0.67020    0.78187    0.78187    0.78187    0.78187
 kpt#  67, nband= 40, wtk=  0.00926, kpt= -0.3333  0.1667  0.3333 (reduced coord)
  -1.96792   -1.96792   -1.96641   -1.96641   -0.97460   -0.97460   -0.97072   -0.97072
  -0.66823   -0.66823   -0.66095   -0.66095   -0.64742   -0.64742   -0.64000   -0.64000
   0.33957    0.33957    0.38477    0.38477    0.44512    0.44512    0.45032    0.45032
   0.46422    0.46422    0.46577    0.46577    0.60409    0.60409    0.63156    0.63156
   0.65666    0.65666    0.68515    0.68515    0.71791    0.71791    0.83575    0.84079
 kpt#  68, nband= 40, wtk=  0.00926, kpt= -0.1667  0.1667  0.3333 (reduced coord)
  -1.96860   -1.96860   -1.96599   -1.96599   -0.97539   -0.97539   -0.96865   -0.96865
  -0.66739   -0.66739   -0.65487   -0.65487   -0.65150   -0.65150   -0.63849   -0.63849
   0.30973    0.30973    0.40402    0.40402    0.41588    0.41588    0.46319    0.46319
   0.47101    0.47101    0.48224    0.48224    0.59940    0.59940    0.60648    0.60648
   0.64649    0.64649    0.66382    0.66382    0.66659    0.66659    0.80217    0.80217
 kpt#  69, nband= 40, wtk=  0.00926, kpt=  0.0000  0.3333  0.3333 (reduced coord)
  -1.96810   -1.96810   -1.96636   -1.96636   -0.97466   -0.97466   -0.97016   -0.97016
  -0.66850   -0.66850   -0.66038   -0.66038   -0.64693   -0.64693   -0.63802   -0.63802
   0.31828    0.31828    0.36612    0.36612    0.45172    0.45172    0.46669    0.46669
   0.47809    0.47809    0.48764    0.48764    0.56433    0.56433    0.62555    0.62555
   0.65237    0.65237    0.67753    0.67753    0.73705    0.73705    0.76393    0.76393
 kpt#  70, nband= 40, wtk=  0.00926, kpt=  0.1667  0.3333  0.3333 (reduced coord)
  -1.96792   -1.96792   -1.96641   -1.96641   -0.97460   -0.97460   -0.97072   -0.97072
  -0.66823   -0.66823   -0.66096   -0.66096   -0.64742   -0.64742   -0.64000   -0.64000
   0.33958    0.33958    0.38477    0.38477    0.44512    0.44512    0.45032    0.45032
   0.46422    0.46422    0.46577    0.46577    0.60408    0.60408    0.63156    0.63156
   0.65666    0.65666    0.68516    0.68516    0.71791    0.71791    0.83585    0.85222
 kpt#  71, nband= 40, wtk=  0.00926, kpt=  0.3333  0.3333  0.3333 (reduced coord)
  -1.96747   -1.96747   -1.96660   -1.96660   -0.97428   -0.97428   -0.97204   -0.97204
  -0.66714   -0.66714   -0.66260   -0.66260   -0.64810   -0.64810   -0.64421   -0.64421
   0.38742    0.38742    0.40160    0.40160    0.43382    0.43382    0.44086    0.44086
   0.44462    0.44462    0.45825    0.45825    0.64709    0.64709    0.65038    0.65038
   0.66216    0.66216    0.66248    0.66248    0.79121    0.79121    0.80183    0.80183
 kpt#  72, nband= 40, wtk=  0.00926, kpt=  0.5000  0.3333  0.3333 (reduced coord)
  -1.96700   -1.96700   -1.96693   -1.96693   -0.97345   -0.97345   -0.97339   -0.97339
  -0.66500   -0.66500   -0.66499   -0.66499   -0.64736   -0.64736   -0.64736   -0.64736
   0.39712    0.39712    0.39714    0.39714    0.43779    0.43779    0.43780    0.43780
   0.46299    0.46299    0.46299    0.46299    0.65002    0.65002    0.65003    0.65003
   0.66986    0.66986    0.66990    0.66990    0.82497    0.82498    0.82508    0.83212
 kpt#  73, nband= 40, wtk=  0.00926, kpt= -0.3333  0.3333  0.3333 (reduced coord)
  -1.96747   -1.96747   -1.96660   -1.96660   -0.97428   -0.97428   -0.97204   -0.97204
  -0.66714   -0.66714   -0.66260   -0.66260   -0.64810   -0.64810   -0.64421   -0.64421
   0.38742    0.38742    0.40160    0.40160    0.43382    0.43382    0.44086    0.44086
   0.44462    0.44462    0.45825    0.45825    0.64709    0.64709    0.65038    0.65038
   0.66216    0.66216    0.66248    0.66248    0.79121    0.79121    0.80183    0.80183
 kpt#  74, nband= 40, wtk=  0.00926, kpt= -0.1667  0.3333  0.3333 (reduced coord)
  -1.96792   -1.96792   -1.96641   -1.96641   -0.97460   -0.97460   -0.97072   -0.97072
  -0.66823   -0.66823   -0.66096   -0.66096   -0.64742   -0.64742   -0.64000   -0.64000
   0.33958    0.33958    0.38477    0.38477    0.44512    0.44512    0.45032    0.45032
   0.46422    0.46422    0.46577    0.46577    0.60409    0.60409    0.63156    0.63156
   0.65666    0.65666    0.68516    0.68516    0.71791    0.71791    0.83498    0.83913
 kpt#  75, nband= 40, wtk=  0.00926, kpt=  0.0000  0.5000  0.3333 (reduced coord)
  -1.96720   -1.96720   -1.96713   -1.96713   -0.97279   -0.97279   -0.97273   -0.97273
  -0.66656   -0.66656   -0.66656   -0.66656   -0.64129   -0.64129   -0.64127   -0.64127
   0.34069    0.34069    0.34071    0.34071    0.45008    0.45008    0.45008    0.45008
   0.49831    0.49831    0.49832    0.49832    0.61018    0.61018    0.61020    0.61020
   0.67990    0.67990    0.67993    0.67993    0.73806    0.73806    0.73806    0.73806
 kpt#  76, nband= 40, wtk=  0.00926, kpt=  0.1667  0.5000  0.3333 (reduced coord)
  -1.96713   -1.96713   -1.96707   -1.96707   -0.97301   -0.97301   -0.97295   -0.97295
  -0.66617   -0.66617   -0.66616   -0.66616   -0.64321   -0.64321   -0.64319   -0.64319
   0.36067    0.36067    0.36069    0.36069    0.44090    0.44090    0.44091    0.44091
   0.48556    0.48556    0.48557    0.48557    0.62250    0.62250    0.62252    0.62253
   0.67017    0.67017    0.67019    0.67019    0.78186    0.78186    0.78187    0.78187
 kpt#  77, nband= 40, wtk=  0.00926, kpt=  0.3333  0.5000  0.3333 (reduced coord)
  -1.96700   -1.96700   -1.96693   -1.96693   -0.97345   -0.97345   -0.97339   -0.97339
  -0.66500   -0.66500   -0.66499   -0.66499   -0.64737   -0.64737   -0.64736   -0.64736
   0.39713    0.39713    0.39713    0.39713    0.43779    0.43779    0.43780    0.43780
   0.46298    0.46298    0.46300    0.46300    0.65001    0.65002    0.65004    0.65004
   0.66987    0.66987    0.66990    0.66990    0.82498    0.82501    0.82505    0.82506
 kpt#  78, nband= 40, wtk=  0.00926, kpt=  0.5000  0.5000  0.3333 (reduced coord)
  -1.96693   -1.96693   -1.96687   -1.96687   -0.97367   -0.97367   -0.97361   -0.97361
  -0.66409   -0.66409   -0.66408   -0.66408   -0.64975   -0.64975   -0.64974   -0.64974
   0.40626    0.40626    0.40627    0.40627    0.43134    0.43134    0.43135    0.43135
   0.47732    0.47732    0.47734    0.47734    0.66104    0.66104    0.66107    0.66107
   0.67420    0.67420    0.67424    0.67424    0.78654    0.78654    0.78655    0.78655
 kpt#  79, nband= 40, wtk=  0.00926, kpt= -0.3333  0.5000  0.3333 (reduced coord)
  -1.96700   -1.96700   -1.96693   -1.96693   -0.97345   -0.97345   -0.97339   -0.97339
  -0.66500   -0.66500   -0.66499   -0.66499   -0.64737   -0.64737   -0.64736   -0.64736
   0.39713    0.39713    0.39714    0.39714    0.43779    0.43779    0.43779    0.43780
   0.46298    0.46298    0.46300    0.46300    0.65001    0.65001    0.65004    0.65004
   0.66987    0.66987    0.66990    0.66990    0.82498    0.82499    0.82502    0.82502
 kpt#  80, nband= 40, wtk=  0.00926, kpt= -0.1667  0.5000  0.3333 (reduced coord)
  -1.96713   -1.96713   -1.96707   -1.96707   -0.97301   -0.97301   -0.97295   -0.97295
  -0.66617   -0.66617   -0.66616   -0.66616   -0.64321   -0.64321   -0.64319   -0.64319
   0.36067    0.36067    0.36069    0.36069    0.44090    0.44090    0.44091    0.44091
   0.48556    0.48556    0.48557    0.48557    0.62250    0.62250    0.62252    0.62252
   0.67017    0.67017    0.67020    0.67020    0.78186    0.78186    0.78187    0.78188
 kpt#  81, nband= 40, wtk=  0.00926, kpt=  0.0000 -0.3333  0.3333 (reduced coord)
  -1.96810   -1.96810   -1.96636   -1.96636   -0.97466   -0.97466   -0.97016   -0.97016
  -0.66850   -0.66850   -0.66038   -0.66038   -0.64692   -0.64692   -0.63802   -0.63802
   0.31828    0.31828    0.36612    0.36612    0.45171    0.45171    0.46669    0.46669
   0.47809    0.47809    0.48764    0.48764    0.56433    0.56433    0.62555    0.62555
   0.65237    0.65237    0.67753    0.67753    0.73704    0.73704    0.76392    0.76392
 kpt#  82, nband= 40, wtk=  0.00926, kpt=  0.1667 -0.3333  0.3333 (reduced coord)
  -1.96792   -1.96792   -1.96641   -1.96641   -0.97460   -0.97460   -0.97071   -0.97071
  -0.66823   -0.66823   -0.66095   -0.66095   -0.64742   -0.64742   -0.64000   -0.64000
   0.33957    0.33957    0.38477    0.38477    0.44512    0.44512    0.45032    0.45032
   0.46422    0.46422    0.46577    0.46577    0.60409    0.60409    0.63156    0.63156
   0.65666    0.65666    0.68515    0.68515    0.71791    0.71791    0.83530    0.84974
 kpt#  83, nband= 40, wtk=  0.00926, kpt=  0.3333 -0.3333  0.3333 (reduced coord)
  -1.96747   -1.96747   -1.96660   -1.96660   -0.97428   -0.97428   -0.97204   -0.97204
  -0.66714   -0.66714   -0.66260   -0.66260   -0.64810   -0.64810   -0.64421   -0.64421
   0.38742    0.38742    0.40160    0.40160    0.43382    0.43382    0.44086    0.44086
   0.44462    0.44462    0.45825    0.45825    0.64709    0.64709    0.65038    0.65038
   0.66216    0.66216    0.66248    0.66248    0.79121    0.79121    0.80183    0.80183
 kpt#  84, nband= 40, wtk=  0.00926, kpt=  0.5000 -0.3333  0.3333 (reduced coord)
  -1.96700   -1.96700   -1.96693   -1.96693   -0.97345   -0.97345   -0.97339   -0.97339
  -0.66500   -0.66500   -0.66499   -0.66499   -0.64737   -0.64737   -0.64736   -0.64736
   0.39713    0.39713    0.39714    0.39714    0.43778    0.43778    0.43780    0.43780
   0.46299    0.46299    0.46299    0.46299    0.65002    0.65002    0.65003    0.65003
   0.66986    0.66986    0.66990    0.66990    0.82497    0.82499    0.82503    0.82507
 kpt#  85, nband= 40, wtk=  0.00926, kpt= -0.3333 -0.3333  0.3333 (reduced coord)
  -1.96747   -1.96747   -1.96660   -1.96660   -0.97428   -0.97428   -0.97204   -0.97204
  -0.66714   -0.66714   -0.66260   -0.66260   -0.64810   -0.64810   -0.64421   -0.64421
   0.38742    0.38742    0.40161    0.40161    0.43382    0.43382    0.44086    0.44086
   0.44461    0.44461    0.45825    0.45825    0.64709    0.64709    0.65038    0.65038
   0.66217    0.66217    0.66247    0.66247    0.79121    0.79121    0.80183    0.80183
 kpt#  86, nband= 40, wtk=  0.00926, kpt= -0.1667 -0.3333  0.3333 (reduced coord)
  -1.96792   -1.96792   -1.96641   -1.96641   -0.97460   -0.97460   -0.97071   -0.97071
  -0.66823   -0.66823   -0.66095   -0.66095   -0.64742   -0.64742   -0.64001   -0.64001
   0.33957    0.33957    0.38478    0.38478    0.44512    0.44512    0.45032    0.45032
   0.46422    0.46422    0.46577    0.46577    0.60409    0.60409    0.63156    0.63156
   0.65666    0.65666    0.68516    0.68516    0.71791    0.71791    0.83546    0.83652
 kpt#  87, nband= 40, wtk=  0.00926, kpt=  0.0000 -0.1667  0.3333 (reduced coord)
  -1.96887   -1.96887   -1.96585   -1.96585   -0.97560   -0.97560   -0.96781   -0.96781
  -0.66632   -0.66632   -0.65345   -0.65345   -0.65197   -0.65197   -0.63829   -0.63829
   0.29425    0.29425    0.38700    0.38700    0.41779    0.41779    0.47979    0.47979
   0.48542    0.48542    0.52943    0.52943    0.56090    0.56090    0.58045    0.58045
   0.60761    0.60761    0.66574    0.66574    0.71040    0.71040    0.72695    0.72695
 kpt#  88, nband= 40, wtk=  0.00926, kpt=  0.1667 -0.1667  0.3333 (reduced coord)
  -1.96860   -1.96860   -1.96599   -1.96599   -0.97539   -0.97539   -0.96865   -0.96865
  -0.66739   -0.66739   -0.65487   -0.65487   -0.65150   -0.65150   -0.63849   -0.63849
   0.30973    0.30973    0.40402    0.40402    0.41588    0.41588    0.46319    0.46319
   0.47101    0.47101    0.48224    0.48224    0.59940    0.59940    0.60648    0.60648
   0.64649    0.64649    0.66382    0.66382    0.66659    0.66659    0.80217    0.80217
 kpt#  89, nband= 40, wtk=  0.00926, kpt=  0.3333 -0.1667  0.3333 (reduced coord)
  -1.96792   -1.96792   -1.96641   -1.96641   -0.97460   -0.97460   -0.97072   -0.97072
  -0.66823   -0.66823   -0.66095   -0.66095   -0.64742   -0.64742   -0.64000   -0.64000
   0.33957    0.33957    0.38477    0.38477    0.44512    0.44512    0.45032    0.45032
   0.46422    0.46422    0.46577    0.46577    0.60409    0.60409    0.63156    0.63156
   0.65666    0.65666    0.68516    0.68516    0.71791    0.71791    0.83510    0.85307
 kpt#  90, nband= 40, wtk=  0.00926, kpt=  0.5000 -0.1667  0.3333 (reduced coord)
  -1.96713   -1.96713   -1.96707   -1.96707   -0.97301   -0.97301   -0.97295   -0.97295
  -0.66617   -0.66617   -0.66616   -0.66616   -0.64320   -0.64320   -0.64320   -0.64320
   0.36068    0.36068    0.36069    0.36069    0.44090    0.44090    0.44091    0.44091
   0.48556    0.48556    0.48557    0.48557    0.62251    0.62251    0.62252    0.62252
   0.67016    0.67016    0.67020    0.67020    0.78187    0.78187    0.78187    0.78187
 kpt#  91, nband= 40, wtk=  0.00926, kpt= -0.3333 -0.1667  0.3333 (reduced coord)
  -1.96792   -1.96792   -1.96641   -1.96641   -0.97460   -0.97460   -0.97071   -0.97071
  -0.66823   -0.66823   -0.66095   -0.66095   -0.64742   -0.64742   -0.64001   -0.64001
   0.33957    0.33957    0.38478    0.38478    0.44512    0.44512    0.45032    0.45032
   0.46422    0.46422    0.46577    0.46577    0.60409    0.60409    0.63156    0.63156
   0.65666    0.65666    0.68516    0.68516    0.71791    0.71791    0.83576    0.83598
 kpt#  92, nband= 40, wtk=  0.00926, kpt= -0.1667 -0.1667  0.3333 (reduced coord)
  -1.96860   -1.96860   -1.96599   -1.96599   -0.97539   -0.97539   -0.96865   -0.96865
  -0.66740   -0.66740   -0.65487   -0.65487   -0.65150   -0.65150   -0.63850   -0.63850
   0.30973    0.30973    0.40402    0.40402    0.41588    0.41588    0.46319    0.46319
   0.47101    0.47101    0.48224    0.48224    0.59939    0.59939    0.60648    0.60648
   0.64649    0.64649    0.66382    0.66382    0.66659    0.66659    0.80217    0.80217
 kpt#  93, nband= 40, wtk=  0.00463, kpt=  0.0000  0.0000  0.5000 (reduced coord)
  -1.96740   -1.96740   -1.96733   -1.96733   -0.97170   -0.97170   -0.97164   -0.97164
  -0.65627   -0.65627   -0.65621   -0.65621   -0.64939   -0.64939   -0.64933   -0.64933
   0.35297    0.35297    0.35299    0.35299    0.45678    0.45678    0.45681    0.45681
   0.52662    0.52662    0.52664    0.52664    0.54326    0.54326    0.54328    0.54328
   0.60730    0.60730    0.60734    0.60734    0.67318    0.67318    0.67321    0.67321
 kpt#  94, nband= 40, wtk=  0.00926, kpt=  0.1667  0.0000  0.5000 (reduced coord)
  -1.96733   -1.96733   -1.96727   -1.96727   -0.97206   -0.97206   -0.97200   -0.97200
  -0.66098   -0.66098   -0.66096   -0.66096   -0.64541   -0.64541   -0.64538   -0.64538
   0.35367    0.35367    0.35368    0.35368    0.45521    0.45521    0.45524    0.45524
   0.49224    0.49224    0.49225    0.49225    0.56612    0.56612    0.56614    0.56614
   0.65987    0.65987    0.65989    0.65989    0.68110    0.68110    0.68113    0.68113
 kpt#  95, nband= 40, wtk=  0.00926, kpt=  0.3333  0.0000  0.5000 (reduced coord)
  -1.96720   -1.96720   -1.96713   -1.96713   -0.97279   -0.97279   -0.97273   -0.97273
  -0.66657   -0.66657   -0.66655   -0.66655   -0.64128   -0.64128   -0.64127   -0.64127
   0.34070    0.34070    0.34071    0.34071    0.45008    0.45008    0.45008    0.45008
   0.49830    0.49830    0.49832    0.49832    0.61018    0.61018    0.61019    0.61019
   0.67990    0.67990    0.67993    0.67993    0.73806    0.73806    0.73807    0.73807
 kpt#  96, nband= 40, wtk=  0.00463, kpt=  0.5000  0.0000  0.5000 (reduced coord)
  -1.96713   -1.96713   -1.96706   -1.96706   -0.97316   -0.97316   -0.97310   -0.97310
  -0.66878   -0.66878   -0.66876   -0.66876   -0.63979   -0.63979   -0.63978   -0.63978
   0.33198    0.33198    0.33199    0.33199    0.43498    0.43498    0.43499    0.43499
   0.54159    0.54159    0.54161    0.54161    0.63059    0.63059    0.63061    0.63061
   0.66845    0.66845    0.66850    0.66850    0.77280    0.77280    0.77281    0.77281
 kpt#  97, nband= 40, wtk=  0.00926, kpt=  0.0000  0.1667  0.5000 (reduced coord)
  -1.96733   -1.96733   -1.96727   -1.96727   -0.97206   -0.97206   -0.97200   -0.97200
  -0.66098   -0.66098   -0.66096   -0.66096   -0.64541   -0.64541   -0.64538   -0.64538
   0.35367    0.35367    0.35369    0.35369    0.45522    0.45522    0.45523    0.45523
   0.49224    0.49224    0.49225    0.49225    0.56613    0.56613    0.56613    0.56613
   0.65987    0.65987    0.65988    0.65988    0.68110    0.68110    0.68113    0.68113
 kpt#  98, nband= 40, wtk=  0.00926, kpt=  0.1667  0.1667  0.5000 (reduced coord)
  -1.96726   -1.96726   -1.96720   -1.96720   -0.97238   -0.97238   -0.97232   -0.97232
  -0.66286   -0.66286   -0.66285   -0.66285   -0.64454   -0.64454   -0.64452   -0.64452
   0.36291    0.36291    0.36292    0.36292    0.44161    0.44161    0.44162    0.44162
   0.48406    0.48406    0.48407    0.48407    0.58388    0.58388    0.58389    0.58389
   0.66084    0.66084    0.66086    0.66086    0.72195    0.72195    0.72197    0.72197
 kpt#  99, nband= 40, wtk=  0.00926, kpt=  0.3333  0.1667  0.5000 (reduced coord)
  -1.96713   -1.96713   -1.96707   -1.96707   -0.97301   -0.97301   -0.97295   -0.97295
  -0.66617   -0.66617   -0.66616   -0.66616   -0.64320   -0.64320   -0.64319   -0.64319
   0.36068    0.36068    0.36068    0.36068    0.44090    0.44090    0.44091    0.44091
   0.48555    0.48555    0.48558    0.48558    0.62251    0.62251    0.62252    0.62252
   0.67016    0.67016    0.67020    0.67020    0.78186    0.78186    0.78188    0.78188
 kpt# 100, nband= 40, wtk=  0.00926, kpt=  0.5000  0.1667  0.5000 (reduced coord)
  -1.96706   -1.96706   -1.96700   -1.96700   -0.97333   -0.97333   -0.97327   -0.97327
  -0.66768   -0.66768   -0.66767   -0.66767   -0.64267   -0.64267   -0.64266   -0.64266
   0.35406    0.35406    0.35407    0.35407    0.43177    0.43177    0.43178    0.43178
   0.51811    0.51811    0.51813    0.51813    0.63970    0.63970    0.63972    0.63972
   0.67034    0.67034    0.67038    0.67038    0.80642    0.80645    0.80651    0.80654
 kpt# 101, nband= 40, wtk=  0.00926, kpt= -0.3333  0.1667  0.5000 (reduced coord)
  -1.96713   -1.96713   -1.96707   -1.96707   -0.97301   -0.97301   -0.97295   -0.97295
  -0.66617   -0.66617   -0.66616   -0.66616   -0.64320   -0.64320   -0.64319   -0.64319
   0.36068    0.36068    0.36068    0.36068    0.44090    0.44090    0.44091    0.44091
   0.48556    0.48556    0.48558    0.48558    0.62251    0.62251    0.62252    0.62252
   0.67016    0.67016    0.67020    0.67020    0.78186    0.78186    0.78187    0.78188
 kpt# 102, nband= 40, wtk=  0.00926, kpt= -0.1667  0.1667  0.5000 (reduced coord)
  -1.96726   -1.96726   -1.96720   -1.96720   -0.97238   -0.97238   -0.97232   -0.97232
  -0.66286   -0.66286   -0.66285   -0.66285   -0.64454   -0.64454   -0.64452   -0.64452
   0.36291    0.36291    0.36292    0.36292    0.44161    0.44161    0.44163    0.44163
   0.48406    0.48406    0.48407    0.48407    0.58389    0.58389    0.58389    0.58389
   0.66083    0.66083    0.66086    0.66086    0.72195    0.72195    0.72197    0.72197
 kpt# 103, nband= 40, wtk=  0.00926, kpt=  0.0000  0.3333  0.5000 (reduced coord)
  -1.96720   -1.96720   -1.96713   -1.96713   -0.97279   -0.97279   -0.97273   -0.97273
  -0.66656   -0.66656   -0.66656   -0.66656   -0.64129   -0.64129   -0.64127   -0.64127
   0.34069    0.34069    0.34071    0.34071    0.45008    0.45008    0.45008    0.45008
   0.49831    0.49831    0.49831    0.49831    0.61018    0.61018    0.61020    0.61020
   0.67990    0.67990    0.67993    0.67993    0.73806    0.73806    0.73806    0.73806
 kpt# 104, nband= 40, wtk=  0.00926, kpt=  0.1667  0.3333  0.5000 (reduced coord)
  -1.96713   -1.96713   -1.96707   -1.96707   -0.97301   -0.97301   -0.97295   -0.97295
  -0.66617   -0.66617   -0.66616   -0.66616   -0.64321   -0.64321   -0.64319   -0.64319
   0.36067    0.36067    0.36069    0.36069    0.44090    0.44090    0.44091    0.44091
   0.48556    0.48556    0.48557    0.48557    0.62250    0.62250    0.62252    0.62252
   0.67017    0.67017    0.67020    0.67020    0.78186    0.78186    0.78187    0.78187
 kpt# 105, nband= 40, wtk=  0.00926, kpt=  0.3333  0.3333  0.5000 (reduced coord)
  -1.96700   -1.96700   -1.96693   -1.96693   -0.97345   -0.97345   -0.97339   -0.97339
  -0.66500   -0.66500   -0.66499   -0.66499   -0.64737   -0.64737   -0.64736   -0.64736
   0.39713    0.39713    0.39714    0.39714    0.43779    0.43779    0.43779    0.43779
   0.46298    0.46298    0.46300    0.46300    0.65001    0.65001    0.65004    0.65004
   0.66987    0.66987    0.66990    0.66990    0.82497    0.82504    0.82511    0.82527
 kpt# 106, nband= 40, wtk=  0.00926, kpt=  0.5000  0.3333  0.5000 (reduced coord)
  -1.96693   -1.96693   -1.96687   -1.96687   -0.97367   -0.97367   -0.97361   -0.97361
  -0.66409   -0.66409   -0.66408   -0.66408   -0.64975   -0.64975   -0.64974   -0.64974
   0.40626    0.40626    0.40627    0.40627    0.43134    0.43134    0.43135    0.43135
   0.47732    0.47732    0.47734    0.47734    0.66104    0.66104    0.66106    0.66106
   0.67420    0.67420    0.67424    0.67424    0.78654    0.78654    0.78655    0.78655
 kpt# 107, nband= 40, wtk=  0.00926, kpt= -0.3333  0.3333  0.5000 (reduced coord)
  -1.96700   -1.96700   -1.96693   -1.96693   -0.97345   -0.97345   -0.97339   -0.97339
  -0.66500   -0.66500   -0.66499   -0.66499   -0.64737   -0.64737   -0.64736   -0.64736
   0.39713    0.39713    0.39713    0.39713    0.43779    0.43779    0.43780    0.43780
   0.46298    0.46298    0.46300    0.46300    0.65002    0.65002    0.65004    0.65004
   0.66987    0.66987    0.66990    0.66990    0.82499    0.82503    0.82508    0.82849
 kpt# 108, nband= 40, wtk=  0.00926, kpt= -0.1667  0.3333  0.5000 (reduced coord)
  -1.96713   -1.96713   -1.96707   -1.96707   -0.97301   -0.97301   -0.97295   -0.97295
  -0.66617   -0.66617   -0.66616   -0.66616   -0.64321   -0.64321   -0.64319   -0.64319
   0.36067    0.36067    0.36069    0.36069    0.44090    0.44090    0.44091    0.44091
   0.48556    0.48556    0.48557    0.48557    0.62251    0.62251    0.62252    0.62252
   0.67016    0.67016    0.67019    0.67019    0.78186    0.78186    0.78187    0.78187
 kpt# 109, nband= 40, wtk=  0.00463, kpt=  0.0000  0.5000  0.5000 (reduced coord)
  -1.96713   -1.96713   -1.96706   -1.96706   -0.97316   -0.97316   -0.97310   -0.97310
  -0.66877   -0.66877   -0.66877   -0.66877   -0.63979   -0.63979   -0.63977   -0.63977
   0.33197    0.33197    0.33199    0.33199    0.43498    0.43498    0.43499    0.43499
   0.54160    0.54160    0.54160    0.54160    0.63058    0.63058    0.63061    0.63061
   0.66846    0.66846    0.66849    0.66849    0.77280    0.77280    0.77281    0.77281
 kpt# 110, nband= 40, wtk=  0.00926, kpt=  0.1667  0.5000  0.5000 (reduced coord)
  -1.96706   -1.96706   -1.96700   -1.96700   -0.97333   -0.97333   -0.97327   -0.97327
  -0.66768   -0.66768   -0.66767   -0.66767   -0.64267   -0.64267   -0.64265   -0.64265
   0.35406    0.35406    0.35408    0.35408    0.43178    0.43178    0.43178    0.43178
   0.51812    0.51812    0.51812    0.51812    0.63969    0.63969    0.63972    0.63972
   0.67034    0.67034    0.67038    0.67038    0.80642    0.80642    0.80646    0.80659
 kpt# 111, nband= 40, wtk=  0.00926, kpt=  0.3333  0.5000  0.5000 (reduced coord)
  -1.96693   -1.96693   -1.96687   -1.96687   -0.97367   -0.97367   -0.97361   -0.97361
  -0.66408   -0.66408   -0.66408   -0.66408   -0.64975   -0.64975   -0.64974   -0.64974
   0.40626    0.40626    0.40627    0.40627    0.43134    0.43134    0.43134    0.43134
   0.47733    0.47733    0.47733    0.47733    0.66104    0.66104    0.66107    0.66107
   0.67420    0.67420    0.67423    0.67423    0.78653    0.78653    0.78655    0.78655
 kpt# 112, nband= 40, wtk=  0.00463, kpt=  0.5000  0.5000  0.5000 (reduced coord)
  -1.96687   -1.96687   -1.96680   -1.96680   -0.97385   -0.97385   -0.97378   -0.97378
  -0.65780   -0.65780   -0.65779   -0.65779   -0.65775   -0.65775   -0.65774   -0.65774
   0.42888    0.42888    0.42889    0.42889    0.45178    0.45178    0.45179    0.45179
   0.45180    0.45180    0.45181    0.45181    0.67473    0.67473    0.67474    0.67474
   0.67478    0.67478    0.67478    0.67478    0.74317    0.74317    0.74319    0.74319
