 Fermi (or HOMO) energy (hartree) =   0.48720   Average Vxc (hartree)=  -0.47774
 Eigenvalues (hartree) for nkpt= 112  k points:
 kpt#   1, nband= 20, wtk=  0.00463, kpt=  0.0000  0.0000  0.0000 (reduced coord)
  -1.97279   -1.96586   -0.75845   -0.75845   -0.75845   -0.73007   -0.73007   -0.73006
   0.20207    0.35415    0.35415    0.51741    0.51741    0.51741    0.63573    0.63574
   0.73721    0.73721    0.73721    0.79854
 kpt#   2, nband= 20, wtk=  0.00926, kpt=  0.1667  0.0000  0.0000 (reduced coord)
  -1.97227   -1.96626   -0.75842   -0.75650   -0.75650   -0.73399   -0.73190   -0.73190
   0.22389    0.36611    0.36951    0.51473    0.51473    0.52795    0.60084    0.64799
   0.65826    0.65826    0.71493    0.73949
 kpt#   3, nband= 20, wtk=  0.00926, kpt=  0.3333  0.0000  0.0000 (reduced coord)
  -1.97088   -1.96741   -0.75700   -0.75119   -0.75119   -0.74307   -0.73697   -0.73697
   0.28211    0.38931    0.40134    0.51587    0.51587    0.52908    0.55861    0.58276
   0.58276    0.66320    0.67037    0.67312
 kpt#   4, nband= 20, wtk=  0.00463, kpt=  0.5000  0.0000  0.0000 (reduced coord)
  -1.96909   -1.96907   -0.75193   -0.75192   -0.74402   -0.74402   -0.74401   -0.74401
   0.35357    0.35357    0.45757    0.45757    0.53574    0.53574    0.53574    0.53574
   0.60613    0.60613    0.67172    0.67173
 kpt#   5, nband= 20, wtk=  0.00926, kpt=  0.0000  0.1667  0.0000 (reduced coord)
  -1.97227   -1.96626   -0.75842   -0.75650   -0.75650   -0.73399   -0.73190   -0.73190
   0.22389    0.36611    0.36951    0.51473    0.51474    0.52795    0.60084    0.64799
   0.65826    0.65826    0.71493    0.73949
 kpt#   6, nband= 20, wtk=  0.00926, kpt=  0.1667  0.1667  0.0000 (reduced coord)
  -1.97180   -1.96660   -0.76158   -0.75476   -0.75173   -0.74083   -0.73345   -0.73012
   0.24355    0.37603    0.38520    0.49244    0.50377    0.56022    0.59819    0.59854
   0.61119    0.63719    0.74531    0.79246
 kpt#   7, nband= 20, wtk=  0.00926, kpt=  0.3333  0.1667  0.0000 (reduced coord)
  -1.97058   -1.96758   -0.76270   -0.75096   -0.75008   -0.74501   -0.73775   -0.73241
   0.29440    0.38776    0.41830    0.48099    0.48645    0.53338    0.55830    0.58034
   0.60673    0.66397    0.71807    0.71890
 kpt#   8, nband= 20, wtk=  0.00926, kpt=  0.5000  0.1667  0.0000 (reduced coord)
  -1.96902   -1.96901   -0.75920   -0.75920   -0.74383   -0.74381   -0.73802   -0.73801
   0.35418    0.35418    0.45617    0.45617    0.49336    0.49336    0.56583    0.56583
   0.66184    0.66184    0.67742    0.67743
 kpt#   9, nband= 20, wtk=  0.00926, kpt= -0.3333  0.1667  0.0000 (reduced coord)
  -1.97058   -1.96758   -0.76270   -0.75096   -0.75008   -0.74501   -0.73775   -0.73241
   0.29440    0.38776    0.41830    0.48099    0.48645    0.53338    0.55830    0.58034
   0.60673    0.66397    0.71807    0.71890
 kpt#  10, nband= 20, wtk=  0.00926, kpt= -0.1667  0.1667  0.0000 (reduced coord)
  -1.97180   -1.96660   -0.76158   -0.75476   -0.75173   -0.74083   -0.73345   -0.73012
   0.24355    0.37603    0.38520    0.49244    0.50377    0.56022    0.59819    0.59854
   0.61119    0.63719    0.74531    0.79246
 kpt#  11, nband= 20, wtk=  0.00926, kpt=  0.0000  0.3333  0.0000 (reduced coord)
  -1.97088   -1.96741   -0.75700   -0.75119   -0.75118   -0.74307   -0.73697   -0.73697
   0.28211    0.38931    0.40134    0.51587    0.51587    0.52908    0.55862    0.58275
   0.58276    0.66320    0.67037    0.67312
 kpt#  12, nband= 20, wtk=  0.00926, kpt=  0.1667  0.3333  0.0000 (reduced coord)
  -1.97058   -1.96758   -0.76270   -0.75096   -0.75008   -0.74501   -0.73775   -0.73241
   0.29440    0.38776    0.41830    0.48099    0.48645    0.53338    0.55830    0.58034
   0.60673    0.66397    0.71807    0.71890
 kpt#  13, nband= 20, wtk=  0.00926, kpt=  0.3333  0.3333  0.0000 (reduced coord)
  -1.96982   -1.96808   -0.76770   -0.76110   -0.74716   -0.74003   -0.73766   -0.73023
   0.31846    0.36663    0.45233    0.46800    0.47899    0.48901    0.56364    0.62686
   0.65191    0.67464    0.74009    0.76259
 kpt#  14, nband= 20, wtk=  0.00926, kpt=  0.5000  0.3333  0.0000 (reduced coord)
  -1.96889   -1.96887   -0.76743   -0.76742   -0.74344   -0.74342   -0.73231   -0.73231
   0.34099    0.34099    0.45076    0.45076    0.49976    0.49976    0.61030    0.61031
   0.68066    0.68066    0.73633    0.73633
 kpt#  15, nband= 20, wtk=  0.00926, kpt= -0.3333  0.3333  0.0000 (reduced coord)
  -1.96982   -1.96808   -0.76769   -0.76110   -0.74716   -0.74003   -0.73767   -0.73023
   0.31846    0.36663    0.45233    0.46800    0.47899    0.48901    0.56364    0.62686
   0.65191    0.67464    0.74009    0.76259
 kpt#  16, nband= 20, wtk=  0.00926, kpt= -0.1667  0.3333  0.0000 (reduced coord)
  -1.97058   -1.96758   -0.76270   -0.75096   -0.75008   -0.74501   -0.73775   -0.73241
   0.29440    0.38776    0.41830    0.48099    0.48645    0.53338    0.55830    0.58034
   0.60673    0.66397    0.71807    0.71890
 kpt#  17, nband= 20, wtk=  0.00463, kpt=  0.0000  0.5000  0.0000 (reduced coord)
  -1.96909   -1.96907   -0.75193   -0.75192   -0.74402   -0.74402   -0.74401   -0.74401
   0.35357    0.35357    0.45757    0.45757    0.53574    0.53574    0.53574    0.53574
   0.60613    0.60613    0.67172    0.67173
 kpt#  18, nband= 20, wtk=  0.00926, kpt=  0.1667  0.5000  0.0000 (reduced coord)
  -1.96902   -1.96901   -0.75920   -0.75920   -0.74383   -0.74381   -0.73802   -0.73801
   0.35418    0.35418    0.45617    0.45617    0.49336    0.49336    0.56583    0.56583
   0.66184    0.66184    0.67742    0.67743
 kpt#  19, nband= 20, wtk=  0.00926, kpt=  0.3333  0.5000  0.0000 (reduced coord)
  -1.96889   -1.96887   -0.76743   -0.76742   -0.74344   -0.74342   -0.73231   -0.73231
   0.34099    0.34099    0.45076    0.45076    0.49976    0.49976    0.61030    0.61031
   0.68065    0.68066    0.73633    0.73633
 kpt#  20, nband= 20, wtk=  0.00463, kpt=  0.5000  0.5000  0.0000 (reduced coord)
  -1.96882   -1.96881   -0.77068   -0.77068   -0.74324   -0.74323   -0.73029   -0.73029
   0.33220    0.33220    0.43547    0.43547    0.54408    0.54408    0.63101    0.63102
   0.66830    0.66831    0.77185    0.77185
 kpt#  21, nband= 20, wtk=  0.00926, kpt=  0.0000  0.0000  0.1667 (reduced coord)
  -1.97227   -1.96626   -0.75842   -0.75650   -0.75650   -0.73399   -0.73190   -0.73190
   0.22389    0.36611    0.36951    0.51473    0.51474    0.52795    0.60084    0.64799
   0.65826    0.65826    0.71493    0.73949
 kpt#  22, nband= 20, wtk=  0.00926, kpt=  0.1667  0.0000  0.1667 (reduced coord)
  -1.97180   -1.96660   -0.76158   -0.75476   -0.75173   -0.74083   -0.73345   -0.73012
   0.24355    0.37603    0.38520    0.49244    0.50377    0.56022    0.59819    0.59854
   0.61119    0.63719    0.74531    0.79246
 kpt#  23, nband= 20, wtk=  0.00926, kpt=  0.3333  0.0000  0.1667 (reduced coord)
  -1.97058   -1.96758   -0.76270   -0.75096   -0.75008   -0.74501   -0.73775   -0.73241
   0.29440    0.38776    0.41830    0.48099    0.48645    0.53338    0.55830    0.58034
   0.60673    0.66397    0.71807    0.71890
 kpt#  24, nband= 20, wtk=  0.00926, kpt=  0.5000  0.0000  0.1667 (reduced coord)
  -1.96902   -1.96901   -0.75920   -0.75920   -0.74383   -0.74381   -0.73802   -0.73801
   0.35418    0.35418    0.45617    0.45617    0.49336    0.49336    0.56583    0.56583
   0.66184    0.66184    0.67742    0.67743
 kpt#  25, nband= 20, wtk=  0.00926, kpt= -0.3333  0.0000  0.1667 (reduced coord)
  -1.97058   -1.96758   -0.76270   -0.75096   -0.75008   -0.74501   -0.73775   -0.73241
   0.29440    0.38776    0.41830    0.48099    0.48645    0.53338    0.55830    0.58034
   0.60673    0.66397    0.71807    0.71890
 kpt#  26, nband= 20, wtk=  0.00926, kpt= -0.1667  0.0000  0.1667 (reduced coord)
  -1.97180   -1.96660   -0.76158   -0.75476   -0.75173   -0.74083   -0.73345   -0.73012
   0.24355    0.37603    0.38520    0.49244    0.50377    0.56022    0.59819    0.59854
   0.61119    0.63719    0.74531    0.79246
 kpt#  27, nband= 20, wtk=  0.00926, kpt=  0.0000  0.1667  0.1667 (reduced coord)
  -1.97180   -1.96660   -0.76158   -0.75476   -0.75173   -0.74083   -0.73344   -0.73012
   0.24355    0.37603    0.38520    0.49244    0.50377    0.56022    0.59819    0.59854
   0.61119    0.63719    0.74531    0.79246
 kpt#  28, nband= 20, wtk=  0.00926, kpt=  0.1667  0.1667  0.1667 (reduced coord)
  -1.97139   -1.96689   -0.75943   -0.75943   -0.74645   -0.74590   -0.73217   -0.73217
   0.26249    0.39353    0.39353    0.48308    0.48308    0.51775    0.59376    0.62655
   0.62655    0.67022    0.67022    0.84857
 kpt#  29, nband= 20, wtk=  0.00926, kpt=  0.3333  0.1667  0.1667 (reduced coord)
  -1.97031   -1.96771   -0.76268   -0.75460   -0.75358   -0.74041   -0.73783   -0.73253
   0.30993    0.40555    0.41573    0.46441    0.47151    0.48323    0.59947    0.60722
   0.64812    0.65992    0.66626    0.80172
 kpt#  30, nband= 20, wtk=  0.00926, kpt=  0.5000  0.1667  0.1667 (reduced coord)
  -1.96896   -1.96894   -0.76115   -0.76115   -0.74566   -0.74565   -0.73551   -0.73551
   0.36343    0.36343    0.44252    0.44252    0.48497    0.48497    0.58381    0.58382
   0.66075    0.66075    0.72051    0.72052
 kpt#  31, nband= 20, wtk=  0.00926, kpt= -0.3333  0.1667  0.1667 (reduced coord)
  -1.97031   -1.96771   -0.76268   -0.75460   -0.75358   -0.74041   -0.73783   -0.73253
   0.30993    0.40555    0.41573    0.46441    0.47152    0.48323    0.59947    0.60722
   0.64812    0.65992    0.66626    0.80172
 kpt#  32, nband= 20, wtk=  0.00926, kpt= -0.1667  0.1667  0.1667 (reduced coord)
  -1.97139   -1.96689   -0.75943   -0.75943   -0.74645   -0.74590   -0.73217   -0.73217
   0.26249    0.39353    0.39353    0.48308    0.48308    0.51775    0.59376    0.62655
   0.62655    0.67022    0.67022    0.84857
 kpt#  33, nband= 20, wtk=  0.00926, kpt=  0.0000  0.3333  0.1667 (reduced coord)
  -1.97058   -1.96758   -0.76270   -0.75096   -0.75008   -0.74501   -0.73775   -0.73241
   0.29440    0.38776    0.41830    0.48099    0.48645    0.53338    0.55830    0.58034
   0.60673    0.66397    0.71807    0.71890
 kpt#  34, nband= 20, wtk=  0.00926, kpt=  0.1667  0.3333  0.1667 (reduced coord)
  -1.97031   -1.96771   -0.76268   -0.75460   -0.75358   -0.74041   -0.73783   -0.73253
   0.30993    0.40555    0.41573    0.46441    0.47151    0.48324    0.59947    0.60722
   0.64812    0.65992    0.66626    0.80172
 kpt#  35, nband= 20, wtk=  0.00926, kpt=  0.3333  0.3333  0.1667 (reduced coord)
  -1.96963   -1.96813   -0.76518   -0.76136   -0.75163   -0.74029   -0.73584   -0.73272
   0.33992    0.38538    0.44604    0.45216    0.46412    0.46641    0.60434    0.63291
   0.65501    0.68528    0.71651    0.83833
 kpt#  36, nband= 20, wtk=  0.00926, kpt=  0.5000  0.3333  0.1667 (reduced coord)
  -1.96883   -1.96881   -0.76568   -0.76568   -0.74572   -0.74570   -0.73344   -0.73344
   0.36112    0.36112    0.44188    0.44188    0.48651    0.48651    0.62290    0.62290
   0.66966    0.66967    0.78128    0.78128
 kpt#  37, nband= 20, wtk=  0.00926, kpt= -0.3333  0.3333  0.1667 (reduced coord)
  -1.96963   -1.96813   -0.76518   -0.76136   -0.75163   -0.74029   -0.73584   -0.73272
   0.33992    0.38538    0.44605    0.45215    0.46412    0.46640    0.60434    0.63292
   0.65501    0.68528    0.71651    0.83851
 kpt#  38, nband= 20, wtk=  0.00926, kpt= -0.1667  0.3333  0.1667 (reduced coord)
  -1.97031   -1.96771   -0.76268   -0.75460   -0.75358   -0.74041   -0.73783   -0.73253
   0.30993    0.40555    0.41573    0.46441    0.47152    0.48323    0.59947    0.60722
   0.64812    0.65992    0.66626    0.80172
 kpt#  39, nband= 20, wtk=  0.00926, kpt=  0.0000  0.5000  0.1667 (reduced coord)
  -1.96902   -1.96901   -0.75920   -0.75920   -0.74383   -0.74381   -0.73802   -0.73801
   0.35418    0.35418    0.45617    0.45617    0.49336    0.49336    0.56583    0.56583
   0.66184    0.66184    0.67742    0.67743
 kpt#  40, nband= 20, wtk=  0.00926, kpt=  0.1667  0.5000  0.1667 (reduced coord)
  -1.96896   -1.96894   -0.76115   -0.76115   -0.74566   -0.74565   -0.73551   -0.73551
   0.36343    0.36343    0.44252    0.44252    0.48497    0.48497    0.58381    0.58382
   0.66075    0.66075    0.72051    0.72052
 kpt#  41, nband= 20, wtk=  0.00926, kpt=  0.3333  0.5000  0.1667 (reduced coord)
  -1.96883   -1.96881   -0.76568   -0.76568   -0.74572   -0.74570   -0.73344   -0.73344
   0.36112    0.36112    0.44188    0.44188    0.48651    0.48651    0.62290    0.62290
   0.66966    0.66967    0.78128    0.78128
 kpt#  42, nband= 20, wtk=  0.00926, kpt=  0.5000  0.5000  0.1667 (reduced coord)
  -1.96876   -1.96874   -0.76799   -0.76799   -0.74509   -0.74508   -0.73300   -0.73300
   0.35450    0.35450    0.43245    0.43245    0.51986    0.51987    0.64019    0.64019
   0.66983    0.66983    0.80668    0.80668
 kpt#  43, nband= 20, wtk=  0.00926, kpt= -0.3333  0.5000  0.1667 (reduced coord)
  -1.96883   -1.96881   -0.76568   -0.76568   -0.74572   -0.74570   -0.73344   -0.73344
   0.36112    0.36112    0.44188    0.44188    0.48651    0.48651    0.62290    0.62290
   0.66966    0.66967    0.78128    0.78128
 kpt#  44, nband= 20, wtk=  0.00926, kpt= -0.1667  0.5000  0.1667 (reduced coord)
  -1.96896   -1.96894   -0.76115   -0.76115   -0.74566   -0.74565   -0.73551   -0.73551
   0.36343    0.36343    0.44252    0.44252    0.48497    0.48497    0.58381    0.58381
   0.66075    0.66075    0.72051    0.72052
 kpt#  45, nband= 20, wtk=  0.00926, kpt=  0.0000 -0.3333  0.1667 (reduced coord)
  -1.97058   -1.96758   -0.76270   -0.75096   -0.75008   -0.74501   -0.73775   -0.73241
   0.29440    0.38776    0.41830    0.48099    0.48645    0.53338    0.55830    0.58034
   0.60673    0.66397    0.71807    0.71890
 kpt#  46, nband= 20, wtk=  0.00926, kpt=  0.1667 -0.3333  0.1667 (reduced coord)
  -1.97031   -1.96771   -0.76268   -0.75460   -0.75358   -0.74041   -0.73783   -0.73253
   0.30993    0.40555    0.41573    0.46441    0.47152    0.48323    0.59947    0.60722
   0.64812    0.65992    0.66626    0.80172
 kpt#  47, nband= 20, wtk=  0.00926, kpt=  0.3333 -0.3333  0.1667 (reduced coord)
  -1.96963   -1.96813   -0.76518   -0.76136   -0.75163   -0.74029   -0.73584   -0.73272
   0.33992    0.38538    0.44605    0.45215    0.46412    0.46640    0.60434    0.63292
   0.65501    0.68528    0.71651    0.83850
 kpt#  48, nband= 20, wtk=  0.00926, kpt=  0.5000 -0.3333  0.1667 (reduced coord)
  -1.96883   -1.96881   -0.76568   -0.76568   -0.74572   -0.74570   -0.73344   -0.73344
   0.36112    0.36112    0.44188    0.44188    0.48651    0.48651    0.62290    0.62290
   0.66966    0.66967    0.78128    0.78128
 kpt#  49, nband= 20, wtk=  0.00926, kpt= -0.3333 -0.3333  0.1667 (reduced coord)
  -1.96963   -1.96813   -0.76518   -0.76136   -0.75163   -0.74029   -0.73584   -0.73272
   0.33992    0.38538    0.44605    0.45216    0.46412    0.46641    0.60434    0.63291
   0.65501    0.68528    0.71651    0.83834
 kpt#  50, nband= 20, wtk=  0.00926, kpt= -0.1667 -0.3333  0.1667 (reduced coord)
  -1.97031   -1.96771   -0.76268   -0.75460   -0.75358   -0.74041   -0.73783   -0.73253
   0.30993    0.40555    0.41573    0.46441    0.47151    0.48324    0.59947    0.60722
   0.64812    0.65992    0.66626    0.80172
 kpt#  51, nband= 20, wtk=  0.00926, kpt=  0.0000 -0.1667  0.1667 (reduced coord)
  -1.97180   -1.96660   -0.76158   -0.75476   -0.75173   -0.74083   -0.73344   -0.73012
   0.24355    0.37603    0.38520    0.49244    0.50377    0.56022    0.59819    0.59854
   0.61119    0.63719    0.74531    0.79246
 kpt#  52, nband= 20, wtk=  0.00926, kpt=  0.1667 -0.1667  0.1667 (reduced coord)
  -1.97139   -1.96689   -0.75943   -0.75943   -0.74645   -0.74590   -0.73217   -0.73217
   0.26249    0.39353    0.39353    0.48308    0.48308    0.51775    0.59376    0.62655
   0.62655    0.67022    0.67022    0.84857
 kpt#  53, nband= 20, wtk=  0.00926, kpt=  0.3333 -0.1667  0.1667 (reduced coord)
  -1.97031   -1.96771   -0.76268   -0.75460   -0.75358   -0.74041   -0.73783   -0.73253
   0.30993    0.40555    0.41573    0.46441    0.47152    0.48323    0.59947    0.60722
   0.64812    0.65992    0.66626    0.80173
 kpt#  54, nband= 20, wtk=  0.00926, kpt=  0.5000 -0.1667  0.1667 (reduced coord)
  -1.96896   -1.96894   -0.76115   -0.76115   -0.74566   -0.74565   -0.73551   -0.73551
   0.36343    0.36343    0.44252    0.44252    0.48497    0.48497    0.58381    0.58382
   0.66075    0.66075    0.72051    0.72052
 kpt#  55, nband= 20, wtk=  0.00926, kpt= -0.3333 -0.1667  0.1667 (reduced coord)
  -1.97031   -1.96771   -0.76268   -0.75460   -0.75358   -0.74041   -0.73783   -0.73253
   0.30993    0.40555    0.41573    0.46441    0.47151    0.48324    0.59947    0.60722
   0.64812    0.65992    0.66626    0.80172
 kpt#  56, nband= 20, wtk=  0.00926, kpt= -0.1667 -0.1667  0.1667 (reduced coord)
  -1.97139   -1.96689   -0.75943   -0.75943   -0.74645   -0.74590   -0.73217   -0.73217
   0.26249    0.39353    0.39353    0.48308    0.48308    0.51775    0.59376    0.62655
   0.62655    0.67022    0.67022    0.84857
 kpt#  57, nband= 20, wtk=  0.00926, kpt=  0.0000  0.0000  0.3333 (reduced coord)
  -1.97088   -1.96741   -0.75700   -0.75119   -0.75118   -0.74307   -0.73697   -0.73697
   0.28211    0.38931    0.40134    0.51587    0.51587    0.52908    0.55862    0.58275
   0.58276    0.66320    0.67037    0.67312
 kpt#  58, nband= 20, wtk=  0.00926, kpt=  0.1667  0.0000  0.3333 (reduced coord)
  -1.97058   -1.96758   -0.76270   -0.75096   -0.75008   -0.74501   -0.73775   -0.73241
   0.29440    0.38776    0.41830    0.48099    0.48645    0.53338    0.55830    0.58034
   0.60673    0.66397    0.71807    0.71890
 kpt#  59, nband= 20, wtk=  0.00926, kpt=  0.3333  0.0000  0.3333 (reduced coord)
  -1.96982   -1.96808   -0.76769   -0.76110   -0.74716   -0.74003   -0.73767   -0.73023
   0.31846    0.36663    0.45233    0.46800    0.47899    0.48901    0.56364    0.62686
   0.65191    0.67464    0.74009    0.76259
 kpt#  60, nband= 20, wtk=  0.00926, kpt=  0.5000  0.0000  0.3333 (reduced coord)
  -1.96889   -1.96887   -0.76743   -0.76742   -0.74344   -0.74342   -0.73231   -0.73231
   0.34099    0.34099    0.45076    0.45076    0.49976    0.49976    0.61030    0.61031
   0.68066    0.68066    0.73633    0.73633
 kpt#  61, nband= 20, wtk=  0.00926, kpt= -0.3333  0.0000  0.3333 (reduced coord)
  -1.96982   -1.96808   -0.76770   -0.76110   -0.74716   -0.74003   -0.73766   -0.73023
   0.31846    0.36663    0.45233    0.46800    0.47899    0.48901    0.56364    0.62686
   0.65191    0.67464    0.74009    0.76259
 kpt#  62, nband= 20, wtk=  0.00926, kpt= -0.1667  0.0000  0.3333 (reduced coord)
  -1.97058   -1.96758   -0.76270   -0.75096   -0.75008   -0.74501   -0.73775   -0.73241
   0.29440    0.38776    0.41830    0.48099    0.48645    0.53338    0.55830    0.58034
   0.60673    0.66397    0.71807    0.71890
 kpt#  63, nband= 20, wtk=  0.00926, kpt=  0.0000  0.1667  0.3333 (reduced coord)
  -1.97058   -1.96758   -0.76270   -0.75096   -0.75008   -0.74501   -0.73775   -0.73241
   0.29440    0.38776    0.41830    0.48099    0.48645    0.53338    0.55830    0.58034
   0.60673    0.66397    0.71807    0.71890
 kpt#  64, nband= 20, wtk=  0.00926, kpt=  0.1667  0.1667  0.3333 (reduced coord)
  -1.97031   -1.96771   -0.76268   -0.75460   -0.75358   -0.74041   -0.73783   -0.73253
   0.30993    0.40555    0.41573    0.46441    0.47152    0.48323    0.59947    0.60722
   0.64812    0.65992    0.66626    0.80172
 kpt#  65, nband= 20, wtk=  0.00926, kpt=  0.3333  0.1667  0.3333 (reduced coord)
  -1.96963   -1.96813   -0.76518   -0.76136   -0.75163   -0.74029   -0.73584   -0.73272
   0.33992    0.38538    0.44605    0.45215    0.46412    0.46640    0.60434    0.63292
   0.65501    0.68528    0.71651    0.83835
 kpt#  66, nband= 20, wtk=  0.00926, kpt=  0.5000  0.1667  0.3333 (reduced coord)
  -1.96883   -1.96881   -0.76568   -0.76568   -0.74572   -0.74570   -0.73344   -0.73344
   0.36112    0.36112    0.44188    0.44188    0.48651    0.48651    0.62290    0.62290
   0.66966    0.66967    0.78128    0.78128
 kpt#  67, nband= 20, wtk=  0.00926, kpt= -0.3333  0.1667  0.3333 (reduced coord)
  -1.96963   -1.96813   -0.76518   -0.76136   -0.75163   -0.74029   -0.73584   -0.73272
   0.33992    0.38538    0.44605    0.45215    0.46412    0.46641    0.60434    0.63291
   0.65501    0.68528    0.71651    0.83836
 kpt#  68, nband= 20, wtk=  0.00926, kpt= -0.1667  0.1667  0.3333 (reduced coord)
  -1.97031   -1.96771   -0.76268   -0.75460   -0.75358   -0.74041   -0.73783   -0.73253
   0.30993    0.40555    0.41573    0.46441    0.47151    0.48323    0.59947    0.60722
   0.64812    0.65992    0.66626    0.80172
 kpt#  69, nband= 20, wtk=  0.00926, kpt=  0.0000  0.3333  0.3333 (reduced coord)
  -1.96982   -1.96808   -0.76770   -0.76110   -0.74716   -0.74003   -0.73767   -0.73023
   0.31846    0.36663    0.45233    0.46800    0.47899    0.48901    0.56364    0.62686
   0.65191    0.67464    0.74009    0.76259
 kpt#  70, nband= 20, wtk=  0.00926, kpt=  0.1667  0.3333  0.3333 (reduced coord)
  -1.96963   -1.96813   -0.76518   -0.76136   -0.75163   -0.74029   -0.73584   -0.73272
   0.33992    0.38538    0.44605    0.45215    0.46412    0.46640    0.60434    0.63292
   0.65500    0.68528    0.71651    0.83838
 kpt#  71, nband= 20, wtk=  0.00926, kpt=  0.3333  0.3333  0.3333 (reduced coord)
  -1.96919   -1.96832   -0.76226   -0.75830   -0.75830   -0.73955   -0.73954   -0.73525
   0.38882    0.40222    0.43758    0.43758    0.45236    0.45236    0.65459    0.65459
   0.65618    0.65618    0.79039    0.80206
 kpt#  72, nband= 20, wtk=  0.00926, kpt=  0.5000  0.3333  0.3333 (reduced coord)
  -1.96869   -1.96868   -0.76207   -0.76207   -0.74892   -0.74890   -0.73715   -0.73715
   0.39841    0.39841    0.43984    0.43984    0.46204    0.46204    0.65152    0.65153
   0.66802    0.66803    0.82644    0.82655
 kpt#  73, nband= 20, wtk=  0.00926, kpt= -0.3333  0.3333  0.3333 (reduced coord)
  -1.96919   -1.96832   -0.76226   -0.75830   -0.75830   -0.73955   -0.73954   -0.73525
   0.38882    0.40222    0.43758    0.43758    0.45236    0.45236    0.65459    0.65459
   0.65618    0.65618    0.79039    0.80206
 kpt#  74, nband= 20, wtk=  0.00926, kpt= -0.1667  0.3333  0.3333 (reduced coord)
  -1.96963   -1.96813   -0.76518   -0.76136   -0.75163   -0.74029   -0.73584   -0.73272
   0.33992    0.38538    0.44605    0.45215    0.46412    0.46641    0.60434    0.63292
   0.65500    0.68528    0.71651    0.83834
 kpt#  75, nband= 20, wtk=  0.00926, kpt=  0.0000  0.5000  0.3333 (reduced coord)
  -1.96889   -1.96887   -0.76743   -0.76742   -0.74344   -0.74342   -0.73231   -0.73231
   0.34099    0.34099    0.45076    0.45076    0.49976    0.49976    0.61031    0.61031
   0.68065    0.68066    0.73633    0.73633
 kpt#  76, nband= 20, wtk=  0.00926, kpt=  0.1667  0.5000  0.3333 (reduced coord)
  -1.96883   -1.96881   -0.76568   -0.76568   -0.74572   -0.74570   -0.73344   -0.73344
   0.36112    0.36112    0.44188    0.44188    0.48651    0.48651    0.62290    0.62290
   0.66966    0.66967    0.78128    0.78128
 kpt#  77, nband= 20, wtk=  0.00926, kpt=  0.3333  0.5000  0.3333 (reduced coord)
  -1.96869   -1.96868   -0.76207   -0.76207   -0.74892   -0.74890   -0.73715   -0.73715
   0.39841    0.39841    0.43984    0.43984    0.46204    0.46204    0.65152    0.65153
   0.66802    0.66803    0.82630    0.82635
 kpt#  78, nband= 20, wtk=  0.00926, kpt=  0.5000  0.5000  0.3333 (reduced coord)
  -1.96863   -1.96861   -0.76063   -0.76062   -0.74873   -0.74872   -0.74041   -0.74040
   0.40887    0.40887    0.43152    0.43152    0.47715    0.47715    0.66206    0.66206
   0.67293    0.67294    0.78687    0.78687
 kpt#  79, nband= 20, wtk=  0.00926, kpt= -0.3333  0.5000  0.3333 (reduced coord)
  -1.96869   -1.96868   -0.76207   -0.76207   -0.74892   -0.74890   -0.73715   -0.73715
   0.39841    0.39841    0.43984    0.43984    0.46204    0.46204    0.65152    0.65153
   0.66802    0.66803    0.82652    0.82665
 kpt#  80, nband= 20, wtk=  0.00926, kpt= -0.1667  0.5000  0.3333 (reduced coord)
  -1.96883   -1.96881   -0.76568   -0.76568   -0.74572   -0.74570   -0.73344   -0.73344
   0.36112    0.36112    0.44188    0.44188    0.48651    0.48651    0.62290    0.62290
   0.66966    0.66967    0.78128    0.78128
 kpt#  81, nband= 20, wtk=  0.00926, kpt=  0.0000 -0.3333  0.3333 (reduced coord)
  -1.96982   -1.96808   -0.76770   -0.76110   -0.74716   -0.74003   -0.73767   -0.73023
   0.31846    0.36663    0.45233    0.46800    0.47899    0.48901    0.56364    0.62686
   0.65191    0.67464    0.74009    0.76259
 kpt#  82, nband= 20, wtk=  0.00926, kpt=  0.1667 -0.3333  0.3333 (reduced coord)
  -1.96963   -1.96813   -0.76518   -0.76136   -0.75163   -0.74029   -0.73584   -0.73272
   0.33992    0.38538    0.44605    0.45215    0.46412    0.46641    0.60434    0.63292
   0.65501    0.68528    0.71651    0.83843
 kpt#  83, nband= 20, wtk=  0.00926, kpt=  0.3333 -0.3333  0.3333 (reduced coord)
  -1.96919   -1.96832   -0.76226   -0.75830   -0.75830   -0.73954   -0.73954   -0.73525
   0.38882    0.40222    0.43758    0.43758    0.45236    0.45236    0.65459    0.65459
   0.65618    0.65618    0.79039    0.80206
 kpt#  84, nband= 20, wtk=  0.00926, kpt=  0.5000 -0.3333  0.3333 (reduced coord)
  -1.96869   -1.96868   -0.76207   -0.76207   -0.74892   -0.74890   -0.73715   -0.73715
   0.39841    0.39841    0.43984    0.43984    0.46204    0.46204    0.65152    0.65153
   0.66802    0.66803    0.82643    0.82647
 kpt#  85, nband= 20, wtk=  0.00926, kpt= -0.3333 -0.3333  0.3333 (reduced coord)
  -1.96919   -1.96832   -0.76226   -0.75830   -0.75830   -0.73955   -0.73954   -0.73525
   0.38882    0.40223    0.43758    0.43758    0.45236    0.45236    0.65459    0.65459
   0.65618    0.65618    0.79039    0.80206
 kpt#  86, nband= 20, wtk=  0.00926, kpt= -0.1667 -0.3333  0.3333 (reduced coord)
  -1.96963   -1.96813   -0.76518   -0.76136   -0.75163   -0.74029   -0.73584   -0.73272
   0.33992    0.38538    0.44605    0.45215    0.46412    0.46640    0.60434    0.63291
   0.65500    0.68528    0.71651    0.83836
 kpt#  87, nband= 20, wtk=  0.00926, kpt=  0.0000 -0.1667  0.3333 (reduced coord)
  -1.97058   -1.96758   -0.76270   -0.75096   -0.75008   -0.74501   -0.73775   -0.73241
   0.29440    0.38776    0.41830    0.48099    0.48645    0.53338    0.55830    0.58034
   0.60673    0.66397    0.71807    0.71890
 kpt#  88, nband= 20, wtk=  0.00926, kpt=  0.1667 -0.1667  0.3333 (reduced coord)
  -1.97031   -1.96771   -0.76268   -0.75460   -0.75358   -0.74041   -0.73783   -0.73253
   0.30993    0.40555    0.41573    0.46441    0.47151    0.48323    0.59947    0.60722
   0.64812    0.65992    0.66626    0.80172
 kpt#  89, nband= 20, wtk=  0.00926, kpt=  0.3333 -0.1667  0.3333 (reduced coord)
  -1.96963   -1.96813   -0.76518   -0.76136   -0.75163   -0.74029   -0.73584   -0.73272
   0.33992    0.38538    0.44605    0.45215    0.46412    0.46640    0.60434    0.63292
   0.65501    0.68528    0.71651    0.83836
 kpt#  90, nband= 20, wtk=  0.00926, kpt=  0.5000 -0.1667  0.3333 (reduced coord)
  -1.96883   -1.96881   -0.76568   -0.76568   -0.74572   -0.74570   -0.73344   -0.73344
   0.36112    0.36112    0.44188    0.44188    0.48651    0.48651    0.62290    0.62290
   0.66966    0.66967    0.78128    0.78128
 kpt#  91, nband= 20, wtk=  0.00926, kpt= -0.3333 -0.1667  0.3333 (reduced coord)
  -1.96963   -1.96813   -0.76518   -0.76136   -0.75163   -0.74029   -0.73584   -0.73272
   0.33992    0.38538    0.44605    0.45216    0.46412    0.46641    0.60434    0.63291
   0.65501    0.68528    0.71651    0.83866
 kpt#  92, nband= 20, wtk=  0.00926, kpt= -0.1667 -0.1667  0.3333 (reduced coord)
  -1.97031   -1.96771   -0.76268   -0.75460   -0.75358   -0.74041   -0.73783   -0.73253
   0.30993    0.40555    0.41573    0.46441    0.47152    0.48324    0.59947    0.60722
   0.64812    0.65992    0.66626    0.80172
 kpt#  93, nband= 20, wtk=  0.00463, kpt=  0.0000  0.0000  0.5000 (reduced coord)
  -1.96909   -1.96907   -0.75193   -0.75192   -0.74402   -0.74402   -0.74401   -0.74401
   0.35357    0.35357    0.45757    0.45757    0.53574    0.53574    0.53574    0.53574
   0.60613    0.60613    0.67172    0.67173
 kpt#  94, nband= 20, wtk=  0.00926, kpt=  0.1667  0.0000  0.5000 (reduced coord)
  -1.96902   -1.96901   -0.75920   -0.75920   -0.74383   -0.74381   -0.73802   -0.73801
   0.35418    0.35418    0.45617    0.45617    0.49336    0.49336    0.56583    0.56583
   0.66184    0.66184    0.67742    0.67743
 kpt#  95, nband= 20, wtk=  0.00926, kpt=  0.3333  0.0000  0.5000 (reduced coord)
  -1.96889   -1.96887   -0.76743   -0.76742   -0.74344   -0.74342   -0.73231   -0.73231
   0.34099    0.34099    0.45076    0.45076    0.49976    0.49976    0.61030    0.61031
   0.68065    0.68066    0.73633    0.73633
 kpt#  96, nband= 20, wtk=  0.00463, kpt=  0.5000  0.0000  0.5000 (reduced coord)
  -1.96882   -1.96881   -0.77068   -0.77068   -0.74324   -0.74323   -0.73029   -0.73029
   0.33220    0.33220    0.43547    0.43547    0.54408    0.54408    0.63101    0.63102
   0.66830    0.66831    0.77185    0.77185
 kpt#  97, nband= 20, wtk=  0.00926, kpt=  0.0000  0.1667  0.5000 (reduced coord)
  -1.96902   -1.96901   -0.75920   -0.75920   -0.74383   -0.74381   -0.73802   -0.73801
   0.35418    0.35418    0.45617    0.45617    0.49336    0.49336    0.56583    0.56583
   0.66184    0.66184    0.67742    0.67743
 kpt#  98, nband= 20, wtk=  0.00926, kpt=  0.1667  0.1667  0.5000 (reduced coord)
  -1.96896   -1.96894   -0.76115   -0.76115   -0.74566   -0.74565   -0.73551   -0.73551
   0.36343    0.36343    0.44252    0.44252    0.48497    0.48497    0.58381    0.58382
   0.66075    0.66075    0.72051    0.72052
 kpt#  99, nband= 20, wtk=  0.00926, kpt=  0.3333  0.1667  0.5000 (reduced coord)
  -1.96883   -1.96881   -0.76568   -0.76568   -0.74572   -0.74570   -0.73344   -0.73344
   0.36112    0.36112    0.44188    0.44188    0.48651    0.48651    0.62290    0.62290
   0.66966    0.66967    0.78128    0.78128
 kpt# 100, nband= 20, wtk=  0.00926, kpt=  0.5000  0.1667  0.5000 (reduced coord)
  -1.96876   -1.96874   -0.76799   -0.76799   -0.74509   -0.74508   -0.73300   -0.73300
   0.35450    0.35450    0.43245    0.43245    0.51986    0.51987    0.64019    0.64019
   0.66983    0.66983    0.80668    0.80668
 kpt# 101, nband= 20, wtk=  0.00926, kpt= -0.3333  0.1667  0.5000 (reduced coord)
  -1.96883   -1.96881   -0.76568   -0.76568   -0.74572   -0.74570   -0.73344   -0.73344
   0.36112    0.36112    0.44188    0.44188    0.48651    0.48651    0.62290    0.62290
   0.66966    0.66967    0.78128    0.78128
 kpt# 102, nband= 20, wtk=  0.00926, kpt= -0.1667  0.1667  0.5000 (reduced coord)
  -1.96896   -1.96894   -0.76115   -0.76115   -0.74566   -0.74565   -0.73551   -0.73551
   0.36343    0.36343    0.44252    0.44252    0.48497    0.48497    0.58381    0.58382
   0.66075    0.66075    0.72051    0.72052
 kpt# 103, nband= 20, wtk=  0.00926, kpt=  0.0000  0.3333  0.5000 (reduced coord)
  -1.96889   -1.96887   -0.76743   -0.76742   -0.74344   -0.74342   -0.73231   -0.73231
   0.34099    0.34099    0.45076    0.45076    0.49976    0.49976    0.61030    0.61031
   0.68065    0.68066    0.73633    0.73633
 kpt# 104, nband= 20, wtk=  0.00926, kpt=  0.1667  0.3333  0.5000 (reduced coord)
  -1.96883   -1.96881   -0.76568   -0.76568   -0.74572   -0.74570   -0.73344   -0.73344
   0.36112    0.36112    0.44188    0.44188    0.48651    0.48651    0.62290    0.62290
   0.66966    0.66967    0.78128    0.78128
 kpt# 105, nband= 20, wtk=  0.00926, kpt=  0.3333  0.3333  0.5000 (reduced coord)
  -1.96869   -1.96868   -0.76207   -0.76207   -0.74892   -0.74890   -0.73715   -0.73715
   0.39841    0.39841    0.43984    0.43984    0.46204    0.46204    0.65152    0.65153
   0.66802    0.66803    0.82640    0.82663
 kpt# 106, nband= 20, wtk=  0.00926, kpt=  0.5000  0.3333  0.5000 (reduced coord)
  -1.96863   -1.96861   -0.76063   -0.76062   -0.74873   -0.74872   -0.74041   -0.74040
   0.40887    0.40887    0.43152    0.43152    0.47715    0.47715    0.66206    0.66206
   0.67293    0.67294    0.78687    0.78687
 kpt# 107, nband= 20, wtk=  0.00926, kpt= -0.3333  0.3333  0.5000 (reduced coord)
  -1.96869   -1.96868   -0.76207   -0.76207   -0.74892   -0.74890   -0.73715   -0.73715
   0.39841    0.39841    0.43984    0.43984    0.46204    0.46204    0.65152    0.65153
   0.66802    0.66803    0.82648    0.82659
 kpt# 108, nband= 20, wtk=  0.00926, kpt= -0.1667  0.3333  0.5000 (reduced coord)
  -1.96883   -1.96881   -0.76568   -0.76568   -0.74572   -0.74570   -0.73344   -0.73344
   0.36112    0.36112    0.44188    0.44188    0.48651    0.48651    0.62290    0.62290
   0.66966    0.66967    0.78128    0.78128
 kpt# 109, nband= 20, wtk=  0.00463, kpt=  0.0000  0.5000  0.5000 (reduced coord)
  -1.96882   -1.96881   -0.77068   -0.77068   -0.74324   -0.74323   -0.73029   -0.73029
   0.33220    0.33220    0.43547    0.43547    0.54408    0.54408    0.63101    0.63102
   0.66830    0.66831    0.77185    0.77185
 kpt# 110, nband= 20, wtk=  0.00926, kpt=  0.1667  0.5000  0.5000 (reduced coord)
  -1.96876   -1.96874   -0.76799   -0.76799   -0.74509   -0.74507   -0.73300   -0.73300
   0.35450    0.35450    0.43245    0.43245    0.51986    0.51986    0.64019    0.64019
   0.66983    0.66983    0.80668    0.80668
 kpt# 111, nband= 20, wtk=  0.00926, kpt=  0.3333  0.5000  0.5000 (reduced coord)
  -1.96863   -1.96861   -0.76063   -0.76062   -0.74873   -0.74872   -0.74041   -0.74041
   0.40887    0.40887    0.43152    0.43152    0.47715    0.47715    0.66206    0.66206
   0.67293    0.67294    0.78687    0.78687
 kpt# 112, nband= 20, wtk=  0.00463, kpt=  0.5000  0.5000  0.5000 (reduced coord)
  -1.96856   -1.96855   -0.75053   -0.75053   -0.75053   -0.75052   -0.75052   -0.75052
   0.44505    0.44505    0.44505    0.44506    0.44506    0.44506    0.67452    0.67452
   0.67452    0.67452    0.74325    0.74325
